0.000000000000 0.000000000000
0.100000000000 0.000002366873
0.200000000000 0.000003855483
0.300000000000 0.000005832004
0.400000000000 0.000007827154
0.500000000000 0.000008684988
0.600000000000 0.000009672589
0.700000000000 0.000010792556
0.800000000000 0.000010758100
0.900000000000 0.000010635843
1.000000000000 0.000010870594
1.100000000000 0.000010166817
1.200000000000 0.000009298161
1.300000000000 0.000009045033
1.400000000000 0.000008185330
1.500000000000 0.000007139917
1.600000000000 0.000006889112
1.700000000000 0.000006336635
1.800000000000 0.000005542741
1.900000000000 0.000005573045
2.000000000000 0.000005496815
2.100000000000 0.000005055617
2.200000000000 0.000005331684
2.300000000000 0.000005595690
2.400000000000 0.000005337680
2.500000000000 0.000005626138
2.600000000000 0.000005963808
2.700000000000 0.000005651342
2.800000000000 0.000005725199
2.900000000000 0.000005941827
3.000000000000 0.000005453372
3.100000000000 0.000005233877
3.200000000000 0.000005305487
3.300000000000 0.000004697108
3.400000000000 0.000004268334
3.500000000000 0.000004310187
3.600000000000 0.000003757052
3.700000000000 0.000003286430
3.800000000000 0.000003449742
3.900000000000 0.000003136209
4.000000000000 0.000002773690
4.100000000000 0.000003146813
4.200000000000 0.000003173905
4.300000000000 0.000002984675
4.400000000000 0.000003545157
4.500000000000 0.000003891741
4.600000000000 0.000003842498
4.700000000000 0.000004470057
4.800000000000 0.000005012734
4.900000000000 0.000005005246
5.000000000000 0.000005539366
5.100000000000 0.000006112504
5.200000000000 0.000006039306
5.300000000000 0.000006346006
5.400000000000 0.000006804814
5.500000000000 0.000006590291
5.600000000000 0.000006596741
5.700000000000 0.000006845348
5.800000000000 0.000006446252
5.900000000000 0.000006125580
6.000000000000 0.000006103198
6.100000000000 0.000005482176
6.200000000000 0.000004818414
6.300000000000 0.000004482362
6.400000000000 0.000003605515
6.500000000000 0.000002597022
6.600000000000 0.000001952721
6.700000000000 0.000000849103
6.800000000000 -0.000000425113
6.900000000000 -0.000001249345
7.000000000000 -0.000002399676
7.100000000000 -0.000003706752
7.200000000000 -0.000004418453
7.300000000000 -0.000005267550
7.400000000000 -0.000006244031
7.500000000000 -0.000006471630
7.600000000000 -0.000006635661
7.700000000000 -0.000006954858
7.800000000000 -0.000006460274
7.900000000000 -0.000005757131
8.000000000000 -0.000005354452
8.100000000000 -0.000004240415
8.200000000000 -0.000002866276
8.300000000000 -0.000002043751
8.400000000000 -0.000000775581
8.500000000000 0.000000745015
8.600000000000 0.000001458456
8.700000000000 0.000002285121
8.800000000000 0.000003385670
8.900000000000 0.000003558021
9.000000000000 0.000003572443
9.100000000000 0.000003983421
9.200000000000 0.000003563971
9.300000000000 0.000002848312
9.400000000000 0.000002741721
9.500000000000 0.000002089152
9.600000000000 0.000001105475
9.700000000000 0.000000933626
9.800000000000 0.000000557428
9.900000000000 -0.000000178314
10.000000000000 -0.000000030721
10.100000000000 0.000000171710
10.200000000000 -0.000000088982
10.300000000000 0.000000416745
10.400000000000 0.000001093391
10.500000000000 0.000001126349
10.600000000000 0.000001666539
10.700000000000 0.000002395477
10.800000000000 0.000002299875
10.900000000000 0.000002424294
11.000000000000 0.000002759630
11.100000000000 0.000002186348
11.200000000000 0.000001622671
11.300000000000 0.000001378055
11.400000000000 0.000000290124
11.500000000000 -0.000000887249
11.600000000000 -0.000001542791
11.700000000000 -0.000002844597
11.800000000000 -0.000004265757
11.900000000000 -0.000004930382
12.000000000000 -0.000005978977
12.100000000000 -0.000007185904
12.200000000000 -0.000007462309
12.300000000000 -0.000007867702
12.400000000000 -0.000008540186
12.500000000000 -0.000008243272
12.600000000000 -0.000007872439
12.700000000000 -0.000007956363
12.800000000000 -0.000007192541
12.900000000000 -0.000006210198
13.000000000000 -0.000005903446
13.100000000000 -0.000005001738
13.200000000000 -0.000003772479
13.300000000000 -0.000003395050
13.400000000000 -0.000002738450
13.500000000000 -0.000001650566
13.600000000000 -0.000001473675
13.700000000000 -0.000001320298
13.800000000000 -0.000000623184
13.900000000000 -0.000000748315
14.000000000000 -0.000001134978
14.100000000000 -0.000000872955
14.200000000000 -0.000001223956
14.300000000000 -0.000001998912
14.400000000000 -0.000002066414
14.500000000000 -0.000002486807
14.600000000000 -0.000003436335
14.700000000000 -0.000003697855
14.800000000000 -0.000004070978
14.900000000000 -0.000005039482
15.000000000000 -0.000005413187
15.100000000000 -0.000005707404
15.200000000000 -0.000006622255
15.300000000000 -0.000007065720
15.400000000000 -0.000007276695
15.500000000000 -0.000008079276
15.600000000000 -0.000008514304
15.700000000000 -0.000008577771
15.800000000000 -0.000009154317
15.900000000000 -0.000009434534
16.000000000000 -0.000009218571
16.100000000000 -0.000009426299
16.200000000000 -0.000009412385
16.300000000000 -0.000008821903
16.400000000000 -0.000008604857
16.500000000000 -0.000008294593
16.600000000000 -0.000007396976
16.700000000000 -0.000006876185
16.800000000000 -0.000006454895
16.900000000000 -0.000005488860
17.000000000000 -0.000004909640
17.100000000000 -0.000004635823
17.200000000000 -0.000003857564
17.300000000000 -0.000003402406
17.400000000000 -0.000003394317
17.500000000000 -0.000002872302
17.600000000000 -0.000002489852
17.700000000000 -0.000002593033
17.800000000000 -0.000002135664
17.900000000000 -0.000001552700
18.000000000000 -0.000001426462
18.100000000000 -0.000000732470
18.200000000000 0.000000326543
18.300000000000 0.000000943294
18.400000000000 0.000002011540
18.500000000000 0.000003556305
18.600000000000 0.000004601052
18.700000000000 0.000005839276
18.800000000000 0.000007515924
18.900000000000 0.000008581233
19.000000000000 0.000009515546
19.100000000000 0.000010775408
19.200000000000 0.000011343791
19.300000000000 0.000011515629
19.400000000000 0.000011941763
19.500000000000 0.000011714764
19.600000000000 0.000010977882
19.700000000000 0.000010542268
19.800000000000 0.000009635951
19.900000000000 0.000008261026
20.000000000000 0.000007341597
20.100000000000 0.000006225286
20.200000000000 0.000004752272
20.300000000000 0.000003911431
20.400000000000 0.000003145416
20.500000000000 0.000002093119
20.600000000000 0.000001769536
20.700000000000 0.000001714272
20.800000000000 0.000001329508
20.900000000000 0.000001626004
21.000000000000 0.000002285721
21.100000000000 0.000002463881
21.200000000000 0.000003132829
21.300000000000 0.000004196839
21.400000000000 0.000004592401
21.500000000000 0.000005201710
21.600000000000 0.000006236406
21.700000000000 0.000006483466
21.800000000000 0.000006660229
21.900000000000 0.000007338865
22.000000000000 0.000007258057
22.100000000000 0.000006880170
22.200000000000 0.000007129711
22.300000000000 0.000006812336
22.400000000000 0.000006049477
22.500000000000 0.000006039167
22.600000000000 0.000005763347
22.700000000000 0.000004947126
22.800000000000 0.000004929501
22.900000000000 0.000004957684
23.000000000000 0.000004360059
23.100000000000 0.000004467207
23.200000000000 0.000004854216
23.300000000000 0.000004518003
23.400000000000 0.000004653992
23.500000000000 0.000005199420
23.600000000000 0.000004938034
23.700000000000 0.000004848440
23.800000000000 0.000005232382
23.900000000000 0.000004797431
24.000000000000 0.000004265810
24.100000000000 0.000004269837
24.200000000000 0.000003556625
24.300000000000 0.000002575253
24.400000000000 0.000002221073
24.500000000000 0.000001352177
24.600000000000 0.000000133430
24.700000000000 -0.000000362113
24.800000000000 -0.000001131752
24.900000000000 -0.000002302909
25.000000000000 -0.000002704538
25.100000000000 -0.000003166086
25.200000000000 -0.000004103824
25.300000000000 -0.000004307841
25.400000000000 -0.000004402094
25.500000000000 -0.000005069903
25.600000000000 -0.000005107150
25.700000000000 -0.000004878021
25.800000000000 -0.000005295262
25.900000000000 -0.000005213590
26.000000000000 -0.000004686983
26.100000000000 -0.000004810722
26.200000000000 -0.000004578693
26.300000000000 -0.000003713418
26.400000000000 -0.000003435943
26.500000000000 -0.000002981373
26.600000000000 -0.000001760073
26.700000000000 -0.000001041628
26.800000000000 -0.000000394530
26.900000000000 0.000001030122
27.000000000000 0.000002020433
27.100000000000 0.000002630036
27.200000000000 0.000003894727
27.300000000000 0.000004785696
27.400000000000 0.000005000100
27.500000000000 0.000005677505
27.600000000000 0.000006084511
27.700000000000 0.000005636638
27.800000000000 0.000005485286
27.900000000000 0.000005252892
28.000000000000 0.000004169025
28.100000000000 0.000003300703
28.200000000000 0.000002614106
28.300000000000 0.000001238127
28.400000000000 0.000000069769
28.500000000000 -0.000000653552
28.600000000000 -0.000001843483
28.700000000000 -0.000002827113
28.800000000000 -0.000003190602
28.900000000000 -0.000003848956
29.000000000000 -0.000004362648
29.100000000000 -0.000004216680
29.200000000000 -0.000004305283
29.300000000000 -0.000004392669
29.400000000000 -0.000003894435
29.500000000000 -0.000003663876
29.600000000000 -0.000003623896
29.700000000000 -0.000003111429
29.800000000000 -0.000002917017
29.900000000000 -0.000003090131
30.000000000000 -0.000002861931
30.100000000000 -0.000002933781
30.200000000000 -0.000003480578
30.300000000000 -0.000003613299
30.400000000000 -0.000003912500
30.500000000000 -0.000004708019
30.600000000000 -0.000005012934
30.700000000000 -0.000005252499
30.800000000000 -0.000005953712
30.900000000000 -0.000006097796
31.000000000000 -0.000005921457
31.100000000000 -0.000006175709
31.200000000000 -0.000005905757
31.300000000000 -0.000005131221
31.400000000000 -0.000004811763
31.500000000000 -0.000004152825
31.600000000000 -0.000002935211
31.700000000000 -0.000002257185
31.800000000000 -0.000001551185
31.900000000000 -0.000000348288
32.000000000000 0.000000227764
32.100000000000 0.000000493823
32.200000000000 0.000001159709
32.300000000000 0.000001198094
32.400000000000 0.000000684794
32.500000000000 0.000000531345
32.600000000000 -0.000000103140
32.700000000000 -0.000001364434
32.800000000000 -0.000002210934
32.900000000000 -0.000003262151
33.000000000000 -0.000004874854
33.100000000000 -0.000005967058
33.200000000000 -0.000006948085
33.300000000000 -0.000008384599
33.400000000000 -0.000009235459
33.500000000000 -0.000009722876
33.600000000000 -0.000010617756
33.700000000000 -0.000010971512
33.800000000000 -0.000010819833
33.900000000000 -0.000011114024
34.000000000000 -0.000011021693
34.100000000000 -0.000010360023
34.200000000000 -0.000010217139
34.300000000000 -0.000009896687
34.400000000000 -0.000008952221
34.500000000000 -0.000008553175
34.600000000000 -0.000008182927
34.700000000000 -0.000007105592
34.800000000000 -0.000006509174
34.900000000000 -0.000006130844
35.000000000000 -0.000004961481
35.100000000000 -0.000004132035
35.200000000000 -0.000003714301
35.300000000000 -0.000002486434
35.400000000000 -0.000001425415
35.500000000000 -0.000000986027
35.600000000000 0.000000173154
35.700000000000 0.000001342451
35.800000000000 0.000001697052
35.900000000000 0.000002585249
36.000000000000 0.000003668338
36.100000000000 0.000003827372
36.200000000000 0.000004294795
36.300000000000 0.000005160264
36.400000000000 0.000005127116
36.500000000000 0.000005190863
36.600000000000 0.000005855926
36.700000000000 0.000005775482
36.800000000000 0.000005608365
36.900000000000 0.000006192982
37.000000000000 0.000006249607
37.100000000000 0.000006045830
37.200000000000 0.000006636086
37.300000000000 0.000006904565
37.400000000000 0.000006732846
37.500000000000 0.000007274164
37.600000000000 0.000007648837
37.700000000000 0.000007411411
37.800000000000 0.000007723407
37.900000000000 0.000007985979
38.000000000000 0.000007513761
38.100000000000 0.000007418052
38.200000000000 0.000007397078
38.300000000000 0.000006609267
38.400000000000 0.000006078063
38.500000000000 0.000005790343
38.600000000000 0.000004807203
38.700000000000 0.000004030497
38.800000000000 0.000003711039
38.900000000000 0.000002843906
39.000000000000 0.000002166701
39.100000000000 0.000002162021
39.200000000000 0.000001776754
39.300000000000 0.000001530513
39.400000000000 0.000002103662
39.500000000000 0.000002421386
39.600000000000 0.000002731233
39.700000000000 0.000003877111
39.800000000000 0.000004816679
39.900000000000 0.000005490948
40.000000000000 0.000006871666
40.100000000000 0.000008035930
40.200000000000 0.000008622133
40.300000000000 0.000009688371
40.400000000000 0.000010535256
40.500000000000 0.000010545904
40.600000000000 0.000010810142
40.700000000000 0.000010939454
40.800000000000 0.000010138266
40.900000000000 0.000009454143
41.000000000000 0.000008843570
41.100000000000 0.000007412466
41.200000000000 0.000006076472
41.300000000000 0.000005100852
41.400000000000 0.000003556316
41.500000000000 0.000002141146
41.600000000000 0.000001339200
41.700000000000 0.000000229012
41.800000000000 -0.000000759478
41.900000000000 -0.000001024944
42.000000000000 -0.000001447442
42.100000000000 -0.000001860238
42.200000000000 -0.000001612594
42.300000000000 -0.000001508707
42.400000000000 -0.000001589629
42.500000000000 -0.000001172045
42.600000000000 -0.000000950860
42.700000000000 -0.000001104377
42.800000000000 -0.000000898130
42.900000000000 -0.000000896244
43.000000000000 -0.000001372470
43.100000000000 -0.000001521401
43.200000000000 -0.000001772099
43.300000000000 -0.000002503724
43.400000000000 -0.000002846368
43.500000000000 -0.000003095957
43.600000000000 -0.000003785224
43.700000000000 -0.000004018669
43.800000000000 -0.000003946071
43.900000000000 -0.000004300061
44.000000000000 -0.000004220447
44.100000000000 -0.000003670556
44.200000000000 -0.000003588283
44.300000000000 -0.000003218623
44.400000000000 -0.000002282107
44.500000000000 -0.000001871200
44.600000000000 -0.000001407826
44.700000000000 -0.000000328352
44.800000000000 0.000000214374
44.900000000000 0.000000552835
45.000000000000 0.000001530713
45.100000000000 0.000002045914
45.200000000000 0.000002130404
45.300000000000 0.000002848635
45.400000000000 0.000003253292
45.500000000000 0.000003051353
45.600000000000 0.000003429545
45.700000000000 0.000003677806
45.800000000000 0.000003197011
45.900000000000 0.000003187743
46.000000000000 0.000003231183
46.100000000000 0.000002482274
46.200000000000 0.000002062058
46.300000000000 0.000001865457
46.400000000000 0.000000884500
46.500000000000 0.000000092738
46.600000000000 -0.000000309048
46.700000000000 -0.000001410242
46.800000000000 -0.000002430541
46.900000000000 -0.000002894390
47.000000000000 -0.000003909191
47.100000000000 -0.000004921152
47.200000000000 -0.000005222719
47.300000000000 -0.000005895408
47.400000000000 -0.000006641877
47.500000000000 -0.000006567003
47.600000000000 -0.000006690496
47.700000000000 -0.000007001800
47.800000000000 -0.000006460963
47.900000000000 -0.000005981715
48.000000000000 -0.000005866276
48.100000000000 -0.000004974547
48.200000000000 -0.000004049907
48.300000000000 -0.000003716017
48.400000000000 -0.000002786015
48.500000000000 -0.000001748296
48.600000000000 -0.000001523932
48.700000000000 -0.000000947502
48.800000000000 -0.000000163835
48.900000000000 -0.000000326996
49.000000000000 -0.000000379383
49.100000000000 -0.000000060231
49.200000000000 -0.000000658879
49.300000000000 -0.000001327938
49.400000000000 -0.000001397888
49.500000000000 -0.000002181476
49.600000000000 -0.000003147075
49.700000000000 -0.000003287473
49.800000000000 -0.000003832284
49.900000000000 -0.000004647952
50.000000000000 -0.000004519759
50.100000000000 -0.000004502484
50.200000000000 -0.000004886742
50.300000000000 -0.000004398472
50.400000000000 -0.000003840923
50.500000000000 -0.000003877659
50.600000000000 -0.000003296518
50.700000000000 -0.000002589124
50.800000000000 -0.000002672681
50.900000000000 -0.000002468126
51.000000000000 -0.000002123378
51.100000000000 -0.000002663716
51.200000000000 -0.000003172505
51.300000000000 -0.000003465938
51.400000000000 -0.000004559323
51.500000000000 -0.000005712157
51.600000000000 -0.000006469464
51.700000000000 -0.000007780141
51.800000000000 -0.000009098603
51.900000000000 -0.000009788885
52.000000000000 -0.000010733630
52.100000000000 -0.000011607087
52.200000000000 -0.000011676210
52.300000000000 -0.000011777288
52.400000000000 -0.000011822191
52.500000000000 -0.000011028209
52.600000000000 -0.000010184111
52.700000000000 -0.000009438899
52.800000000000 -0.000007967631
52.900000000000 -0.000006471178
53.000000000000 -0.000005318390
53.100000000000 -0.000003634477
53.200000000000 -0.000001964338
53.300000000000 -0.000000872394
53.400000000000 0.000000554559
53.500000000000 0.000001995631
53.600000000000 0.000002716374
53.700000000000 0.000003619238
53.800000000000 0.000004650808
53.900000000000 0.000004938327
54.000000000000 0.000005294611
54.100000000000 0.000005941935
54.200000000000 0.000005916728
54.300000000000 0.000005860239
54.400000000000 0.000006245322
54.500000000000 0.000006083210
54.600000000000 0.000005785939
54.700000000000 0.000006026839
54.800000000000 0.000005865066
54.900000000000 0.000005463947
55.000000000000 0.000005633454
55.100000000000 0.000005543176
55.200000000000 0.000005123659
55.300000000000 0.000005257155
55.400000000000 0.000005261557
55.500000000000 0.000004871610
55.600000000000 0.000004989777
55.700000000000 0.000005093423
55.800000000000 0.000004761036
55.900000000000 0.000004882669
56.000000000000 0.000005089463
56.100000000000 0.000004830301
56.200000000000 0.000004966983
56.300000000000 0.000005277855
56.400000000000 0.000005089972
56.500000000000 0.000005226718
56.600000000000 0.000005621166
56.700000000000 0.000005474639
56.800000000000 0.000005554227
56.900000000000 0.000005976584
57.000000000000 0.000005819343
57.100000000000 0.000005757910
57.200000000000 0.000006136602
57.300000000000 0.000005935442
57.400000000000 0.000005681599
57.500000000000 0.000005985511
57.600000000000 0.000005787219
57.700000000000 0.000005391300
57.800000000000 0.000005678825
57.900000000000 0.000005632348
58.000000000000 0.000005254442
58.100000000000 0.000005647173
58.200000000000 0.000005928525
58.300000000000 0.000005738547
58.400000000000 0.000006299136
58.500000000000 0.000006954369
58.600000000000 0.000006970044
58.700000000000 0.000007562179
58.800000000000 0.000008381140
58.900000000000 0.000008376345
59.000000000000 0.000008643410
59.100000000000 0.000009199250
59.200000000000 0.000008798870
59.300000000000 0.000008336919
59.400000000000 0.000008220863
59.500000000000 0.000007161519
59.600000000000 0.000005804921
59.700000000000 0.000004919040
59.800000000000 0.000003299665
59.900000000000 0.000001313439
60.000000000000 0.000000000683
60.100000000000 -0.000001683563
60.200000000000 -0.000003677518
60.300000000000 -0.000004793625
60.400000000000 -0.000005896620
60.500000000000 -0.000007244866
60.600000000000 -0.000007625519
60.700000000000 -0.000007723508
60.800000000000 -0.000008107030
60.900000000000 -0.000007620978
61.000000000000 -0.000006756116
61.100000000000 -0.000006345506
61.200000000000 -0.000005327772
61.300000000000 -0.000003956531
61.400000000000 -0.000003258043
61.500000000000 -0.000002277175
61.600000000000 -0.000000974665
61.700000000000 -0.000000490908
61.800000000000 -0.000000002004
61.900000000000 0.000000861514
62.000000000000 0.000000916853
62.100000000000 0.000000798430
62.200000000000 0.000001200254
62.300000000000 0.000000961912
62.400000000000 0.000000446191
62.500000000000 0.000000617447
62.600000000000 0.000000406380
62.700000000000 -0.000000169287
62.800000000000 0.000000033579
62.900000000000 0.000000116446
63.000000000000 -0.000000277833
63.100000000000 0.000000061913
63.200000000000 0.000000490720
63.300000000000 0.000000308567
63.400000000000 0.000000682813
63.500000000000 0.000001287367
63.600000000000 0.000001167951
63.700000000000 0.000001350904
63.800000000000 0.000001855373
63.900000000000 0.000001594313
64.000000000000 0.000001383329
64.100000000000 0.000001563942
64.200000000000 0.000001038871
64.300000000000 0.000000377884
64.400000000000 0.000000178583
64.500000000000 -0.000000571922
64.600000000000 -0.000001551753
64.700000000000 -0.000001997660
64.800000000000 -0.000002787881
64.900000000000 -0.000003826843
65.000000000000 -0.000004274377
65.100000000000 -0.000004866218
65.200000000000 -0.000005700478
65.300000000000 -0.000005923646
65.400000000000 -0.000006144862
65.500000000000 -0.000006623420
65.600000000000 -0.000006519576
65.700000000000 -0.000006330777
65.800000000000 -0.000006453417
65.900000000000 -0.000006059504
66.000000000000 -0.000005531740
66.100000000000 -0.000005393255
66.200000000000 -0.000004820310
66.300000000000 -0.000004058229
66.400000000000 -0.000003759956
66.500000000000 -0.000003119348
66.600000000000 -0.000002212051
66.700000000000 -0.000001827002
66.800000000000 -0.000001221474
66.900000000000 -0.000000270795
67.000000000000 0.000000110851
67.100000000000 0.000000535752
67.200000000000 0.000001351125
67.300000000000 0.000001564564
67.400000000000 0.000001595229
67.500000000000 0.000002021589
67.600000000000 0.000001858959
67.700000000000 0.000001295919
67.800000000000 0.000001128128
67.900000000000 0.000000481353
68.000000000000 -0.000000695728
68.100000000000 -0.000001438671
68.200000000000 -0.000002428463
68.300000000000 -0.000003949391
68.400000000000 -0.000004953309
68.500000000000 -0.000005892579
68.600000000000 -0.000007272518
68.700000000000 -0.000008065606
68.800000000000 -0.000008506374
68.900000000000 -0.000009303249
69.000000000000 -0.000009539560
69.100000000000 -0.000009260661
69.200000000000 -0.000009344184
69.300000000000 -0.000009031325
69.400000000000 -0.000008191426
69.500000000000 -0.000007816437
69.600000000000 -0.000007306151
69.700000000000 -0.000006337975
69.800000000000 -0.000005951790
69.900000000000 -0.000005687690
70.000000000000 -0.000005000401
70.100000000000 -0.000004917906
70.200000000000 -0.000005122204
70.300000000000 -0.000004828777
70.400000000000 -0.000005010969
70.500000000000 -0.000005536454
70.600000000000 -0.000005401512
70.700000000000 -0.000005491594
70.800000000000 -0.000005935072
70.900000000000 -0.000005569377
71.000000000000 -0.000005148404
71.100000000000 -0.000005130134
71.200000000000 -0.000004282117
71.300000000000 -0.000003158456
71.400000000000 -0.000002568777
71.500000000000 -0.000001312466
71.600000000000 0.000000342476
71.700000000000 0.000001281602
71.800000000000 0.000002571648
71.900000000000 0.000004308073
72.000000000000 0.000005182025
72.100000000000 0.000006033161
72.200000000000 0.000007355634
72.300000000000 0.000007793442
72.400000000000 0.000007884083
72.500000000000 0.000008491740
72.600000000000 0.000008361789
72.700000000000 0.000007682400
72.800000000000 0.000007594960
72.900000000000 0.000007064207
73.000000000000 0.000005916832
73.100000000000 0.000005435337
73.200000000000 0.000004872685
73.300000000000 0.000003718438
73.400000000000 0.000003250781
73.500000000000 0.000003030298
73.600000000000 0.000002265984
73.700000000000 0.000002111814
73.800000000000 0.000002421660
73.900000000000 0.000002203905
74.000000000000 0.000002416609
74.100000000000 0.000003180752
74.200000000000 0.000003394481
74.300000000000 0.000003797246
74.400000000000 0.000004754001
74.500000000000 0.000005137470
74.600000000000 0.000005474070
74.700000000000 0.000006353218
74.800000000000 0.000006687626
74.900000000000 0.000006795304
75.000000000000 0.000007464670
75.100000000000 0.000007691057
75.200000000000 0.000007569583
75.300000000000 0.000008047843
75.400000000000 0.000008234977
75.500000000000 0.000007974950
75.600000000000 0.000008320686
75.700000000000 0.000008533895
75.800000000000 0.000008189146
75.900000000000 0.000008383136
76.000000000000 0.000008586769
76.100000000000 0.000008120406
76.200000000000 0.000008058900
76.300000000000 0.000008145507
76.400000000000 0.000007500710
76.500000000000 0.000007105508
76.600000000000 0.000007016026
76.700000000000 0.000006232388
76.800000000000 0.000005562659
76.900000000000 0.000005366829
77.000000000000 0.000004608893
77.100000000000 0.000003849636
77.200000000000 0.000003690996
77.300000000000 0.000003137211
77.400000000000 0.000002456804
77.500000000000 0.000002403206
77.600000000000 0.000002087211
77.700000000000 0.000001491690
77.800000000000 0.000001438165
77.900000000000 0.000001199060
78.000000000000 0.000000529897
78.100000000000 0.000000267013
78.200000000000 -0.000000120065
78.300000000000 -0.000001021538
78.400000000000 -0.000001610410
78.500000000000 -0.000002215803
78.600000000000 -0.000003310147
78.700000000000 -0.000004088056
78.800000000000 -0.000004705649
78.900000000000 -0.000005699995
79.000000000000 -0.000006303815
79.100000000000 -0.000006543285
79.200000000000 -0.000007044828
79.300000000000 -0.000007104230
79.400000000000 -0.000006645319
79.500000000000 -0.000006420137
79.600000000000 -0.000005816177
79.700000000000 -0.000004644358
79.800000000000 -0.000003793467
79.900000000000 -0.000002771126
80.000000000000 -0.000001228510
80.100000000000 -0.000000156109
80.200000000000 0.000000788083
80.300000000000 0.000002168365
80.400000000000 0.000002970782
80.500000000000 0.000003351130
80.600000000000 0.000004116630
80.700000000000 0.000004330446
80.800000000000 0.000003922887
80.900000000000 0.000003916886
81.000000000000 0.000003549283
81.100000000000 0.000002492991
81.200000000000 0.000001901801
81.300000000000 0.000001257320
81.400000000000 -0.000000034707
81.500000000000 -0.000000811952
81.600000000000 -0.000001312983
81.700000000000 -0.000002375764
81.800000000000 -0.000002955637
81.900000000000 -0.000003010207
82.000000000000 -0.000003562057
82.100000000000 -0.000003780946
82.200000000000 -0.000003364071
82.300000000000 -0.000003431344
82.400000000000 -0.000003414387
82.500000000000 -0.000002777357
82.600000000000 -0.000002638026
82.700000000000 -0.000002690198
82.800000000000 -0.000002191231
82.900000000000 -0.000002166018
83.000000000000 -0.000002546762
83.100000000000 -0.000002412886
83.200000000000 -0.000002632605
83.300000000000 -0.000003359073
83.400000000000 -0.000003535917
83.500000000000 -0.000003843230
83.600000000000 -0.000004662011
83.700000000000 -0.000004861983
83.800000000000 -0.000004923251
83.900000000000 -0.000005478281
84.000000000000 -0.000005399661
84.100000000000 -0.000004951212
84.200000000000 -0.000005028380
84.300000000000 -0.000004585902
84.400000000000 -0.000003633585
84.500000000000 -0.000003299389
84.600000000000 -0.000002693092
84.700000000000 -0.000001518098
84.800000000000 -0.000001052448
84.900000000000 -0.000000628112
85.000000000000 0.000000394059
85.100000000000 0.000000704970
85.200000000000 0.000000685070
85.300000000000 0.000001300429
85.400000000000 0.000001338116
85.500000000000 0.000000833205
85.600000000000 0.000000996397
85.700000000000 0.000000822810
85.800000000000 -0.000000027296
85.900000000000 -0.000000230216
86.000000000000 -0.000000497194
86.100000000000 -0.000001519391
86.200000000000 -0.000002002831
86.300000000000 -0.000002310038
86.400000000000 -0.000003399629
86.500000000000 -0.000004125724
86.600000000000 -0.000004484109
86.700000000000 -0.000005576808
86.800000000000 -0.000006484444
86.900000000000 -0.000006863468
87.000000000000 -0.000007834922
87.100000000000 -0.000008747850
87.200000000000 -0.000008991626
87.300000000000 -0.000009616759
87.400000000000 -0.000010255784
87.500000000000 -0.000010129439
87.600000000000 -0.000010173672
87.700000000000 -0.000010298097
87.800000000000 -0.000009647320
87.900000000000 -0.000009028994
88.000000000000 -0.000008603655
88.100000000000 -0.000007498643
88.200000000000 -0.000006384499
88.300000000000 -0.000005632110
88.400000000000 -0.000004370846
88.500000000000 -0.000003113487
88.600000000000 -0.000002398082
88.700000000000 -0.000001354511
88.800000000000 -0.000000305195
88.900000000000 0.000000078206
89.000000000000 0.000000657997
89.100000000000 0.000001334850
89.200000000000 0.000001324091
89.300000000000 0.000001443015
89.400000000000 0.000001834377
89.500000000000 0.000001616995
89.600000000000 0.000001495510
89.700000000000 0.000001851019
89.800000000000 0.000001733176
89.900000000000 0.000001654614
90.000000000000 0.000002206405
90.100000000000 0.000002417904
90.200000000000 0.000002546317
90.300000000000 0.000003344570
90.400000000000 0.000003891693
90.500000000000 0.000004165689
90.600000000000 0.000005023616
90.700000000000 0.000005673378
90.800000000000 0.000005838934
90.900000000000 0.000006425810
91.000000000000 0.000006840022
91.100000000000 0.000006615167
91.200000000000 0.000006658895
91.300000000000 0.000006614759
91.400000000000 0.000005900739
91.500000000000 0.000005388880
91.600000000000 0.000004957609
91.700000000000 0.000003963230
91.800000000000 0.000003207094
91.900000000000 0.000002761660
92.000000000000 0.000001936377
92.100000000000 0.000001426035
92.200000000000 0.000001441252
92.300000000000 0.000001227888
92.400000000000 0.000001341637
92.500000000000 0.000002093957
92.600000000000 0.000002648365
92.700000000000 0.000003399821
92.800000000000 0.000004765994
92.900000000000 0.000005839465
93.000000000000 0.000006844490
93.100000000000 0.000008348999
93.200000000000 0.000009429663
93.300000000000 0.000010130754
93.400000000000 0.000011218952
93.500000000000 0.000011841421
93.600000000000 0.000011839326
93.700000000000 0.000012186226
93.800000000000 0.000012191380
93.900000000000 0.000011454139
94.000000000000 0.000011096363
94.100000000000 0.000010664920
94.200000000000 0.000009483361
94.300000000000 0.000008705511
94.400000000000 0.000008168406
94.500000000000 0.000006923361
94.600000000000 0.000006019109
94.700000000000 0.000005613863
94.800000000000 0.000004550060
94.900000000000 0.000003654268
95.000000000000 0.000003413035
95.100000000000 0.000002576280
95.200000000000 0.000001674023
95.300000000000 0.000001495066
95.400000000000 0.000000832211
95.500000000000 -0.000000112238
95.600000000000 -0.000000313535
95.700000000000 -0.000000821487
95.800000000000 -0.000001760034
95.900000000000 -0.000001967127
96.000000000000 -0.000002264256
96.100000000000 -0.000003076465
96.200000000000 -0.000003211384
96.300000000000 -0.000003232049
96.400000000000 -0.000003820167
96.500000000000 -0.000003841575
96.600000000000 -0.000003593278
96.700000000000 -0.000003954892
96.800000000000 -0.000003907969
96.900000000000 -0.000003481763
97.000000000000 -0.000003690061
97.100000000000 -0.000003664621
97.200000000000 -0.000003165861
97.300000000000 -0.000003282780
97.400000000000 -0.000003328287
97.500000000000 -0.000002798435
97.600000000000 -0.000002805756
97.700000000000 -0.000002886341
97.800000000000 -0.000002290018
97.900000000000 -0.000002101076
98.000000000000 -0.000002130880
98.100000000000 -0.000001420978
98.200000000000 -0.000000964563
98.300000000000 -0.000000894438
98.400000000000 -0.000000104254
98.500000000000 0.000000582244
98.600000000000 0.000000692393
98.700000000000 0.000001399234
98.800000000000 0.000002134144
98.900000000000 0.000002111026
99.000000000000 0.000002474740
99.100000000000 0.000002985941
99.200000000000 0.000002620861
99.300000000000 0.000002400174
99.400000000000 0.000002454090
99.500000000000 0.000001634353
99.600000000000 0.000000754471
99.700000000000 0.000000302873
99.800000000000 -0.000000869051
99.900000000000 -0.000002214423
100.000000000000 -0.000002955250
100.100000000000 -0.000004137166
100.200000000000 -0.000005511043
100.300000000000 -0.000006123169
100.400000000000 -0.000006856008
100.500000000000 -0.000007759085
100.600000000000 -0.000007831370
100.700000000000 -0.000007776082
100.800000000000 -0.000007910604
100.900000000000 -0.000007289645
101.000000000000 -0.000006445599
101.100000000000 -0.000005902951
101.200000000000 -0.000004819724
101.300000000000 -0.000003564886
101.400000000000 -0.000002791243
101.500000000000 -0.000001750402
101.600000000000 -0.000000641164
101.700000000000 -0.000000171969
101.800000000000 0.000000349093
101.900000000000 0.000000907987
102.000000000000 0.000000781298
102.100000000000 0.000000624991
102.200000000000 0.000000616332
102.300000000000 0.000000016078
102.400000000000 -0.000000581006
102.500000000000 -0.000000816789
102.600000000000 -0.000001470458
102.700000000000 -0.000002075396
102.800000000000 -0.000002114136
102.900000000000 -0.000002415848
103.000000000000 -0.000002718441
103.100000000000 -0.000002365364
103.200000000000 -0.000002200394
103.300000000000 -0.000002215399
103.400000000000 -0.000001630067
103.500000000000 -0.000001219783
103.600000000000 -0.000001235686
103.700000000000 -0.000000795162
103.800000000000 -0.000000504258
103.900000000000 -0.000000842112
104.000000000000 -0.000000867381
104.100000000000 -0.000000939341
104.200000000000 -0.000001717078
104.300000000000 -0.000002270257
104.400000000000 -0.000002684076
104.500000000000 -0.000003748319
104.600000000000 -0.000004624308
104.700000000000 -0.000005144199
104.800000000000 -0.000006182884
104.900000000000 -0.000007059734
105.000000000000 -0.000007400079
105.100000000000 -0.000008121123
105.200000000000 -0.000008735350
105.300000000000 -0.000008706535
105.400000000000 -0.000008954610
105.500000000000 -0.000009191204
105.600000000000 -0.000008748334
105.700000000000 -0.000008514512
105.800000000000 -0.000008395099
105.900000000000 -0.000007604839
106.000000000000 -0.000006970969
106.100000000000 -0.000006594214
106.200000000000 -0.000005580901
106.300000000000 -0.000004663912
106.400000000000 -0.000004154736
106.500000000000 -0.000003067450
106.600000000000 -0.000001994740
106.700000000000 -0.000001479923
106.800000000000 -0.000000480316
106.900000000000 0.000000613244
107.000000000000 0.000001016251
107.100000000000 0.000001765949
107.200000000000 0.000002742107
107.300000000000 0.000002939442
107.400000000000 0.000003302347
107.500000000000 0.000004038679
107.600000000000 0.000003983643
107.700000000000 0.000003888603
107.800000000000 0.000004314662
107.900000000000 0.000004038087
108.000000000000 0.000003524161
108.100000000000 0.000003663793
108.200000000000 0.000003297742
108.300000000000 0.000002538970
108.400000000000 0.000002530396
108.500000000000 0.000002296443
108.600000000000 0.000001571367
108.700000000000 0.000001627119
108.800000000000 0.000001760318
108.900000000000 0.000001345242
109.000000000000 0.000001640126
109.100000000000 0.000002258793
109.200000000000 0.000002278758
109.300000000000 0.000002817594
109.400000000000 0.000003813017
109.500000000000 0.000004146513
109.600000000000 0.000004714548
109.700000000000 0.000005762337
109.800000000000 0.000006096674
109.900000000000 0.000006367806
110.000000000000 0.000007100118
110.100000000000 0.000007140184
110.200000000000 0.000006903435
110.300000000000 0.000007152674
110.400000000000 0.000006853399
110.500000000000 0.000006200416
110.600000000000 0.000006135752
110.700000000000 0.000005775033
110.800000000000 0.000005085290
110.900000000000 0.000005111460
111.000000000000 0.000005116996
111.100000000000 0.000004815848
111.200000000000 0.000005276697
111.300000000000 0.000005909337
111.400000000000 0.000006158193
111.500000000000 0.000007051991
111.600000000000 0.000008176282
111.700000000000 0.000008727351
111.800000000000 0.000009652379
111.900000000000 0.000010775061
112.000000000000 0.000011111428
112.100000000000 0.000011495986
112.200000000000 0.000012055807
112.300000000000 0.000011724370
112.400000000000 0.000011183442
112.500000000000 0.000010889136
112.600000000000 0.000009791686
112.700000000000 0.000008363450
112.800000000000 0.000007349833
112.900000000000 0.000005797913
113.000000000000 0.000003912055
113.100000000000 0.000002628962
113.200000000000 0.000001148122
113.300000000000 -0.000000625816
113.400000000000 -0.000001687331
113.500000000000 -0.000002649193
113.600000000000 -0.000003889361
113.700000000000 -0.000004441393
113.800000000000 -0.000004711744
113.900000000000 -0.000005296269
114.000000000000 -0.000005336034
114.100000000000 -0.000005030236
114.200000000000 -0.000005104480
114.300000000000 -0.000004832177
114.400000000000 -0.000004222205
114.500000000000 -0.000004050423
114.600000000000 -0.000003715529
114.700000000000 -0.000003064494
114.800000000000 -0.000002875222
114.900000000000 -0.000002651519
115.000000000000 -0.000002105953
115.100000000000 -0.000002005650
115.200000000000 -0.000001945142
115.300000000000 -0.000001517874
115.400000000000 -0.000001489902
115.500000000000 -0.000001551635
115.600000000000 -0.000001177254
115.700000000000 -0.000001141963
115.800000000000 -0.000001260661
115.900000000000 -0.000000879259
116.000000000000 -0.000000771243
116.100000000000 -0.000000920044
116.200000000000 -0.000000538426
116.300000000000 -0.000000354279
116.400000000000 -0.000000562452
116.500000000000 -0.000000256283
116.600000000000 -0.000000045435
116.700000000000 -0.000000360895
116.800000000000 -0.000000219976
116.900000000000 -0.000000032896
117.000000000000 -0.000000463115
117.100000000000 -0.000000527291
117.200000000000 -0.000000373011
117.300000000000 -0.000000862170
117.400000000000 -0.000001106783
117.500000000000 -0.000000965447
117.600000000000 -0.000001436991
117.700000000000 -0.000001821376
117.800000000000 -0.000001700328
117.900000000000 -0.000002126495
118.000000000000 -0.000002650267
118.100000000000 -0.000002614758
118.200000000000 -0.000003032701
118.300000000000 -0.000003723773
118.400000000000 -0.000003842823
118.500000000000 -0.000004276737
118.600000000000 -0.000005098780
118.700000000000 -0.000005332213
118.800000000000 -0.000005680601
118.900000000000 -0.000006445675
119.000000000000 -0.000006583468
119.100000000000 -0.000006595023
119.200000000000 -0.000006997629
119.300000000000 -0.000006750902
119.400000000000 -0.000006160874
119.500000000000 -0.000005960381
119.600000000000 -0.000005180046
119.700000000000 -0.000003936434
119.800000000000 -0.000003170307
119.900000000000 -0.000002034755
120.000000000000 -0.000000434987
120.100000000000 0.000000519797
120.200000000000 0.000001521069
120.300000000000 0.000002924499
120.400000000000 0.000003531555
120.500000000000 0.000003850677
120.600000000000 0.000004545458
120.700000000000 0.000004432079
120.800000000000 0.000003795216
120.900000000000 0.000003608731
121.000000000000 0.000002807351
121.100000000000 0.000001393428
121.200000000000 0.000000583040
121.300000000000 -0.000000485079
121.400000000000 -0.000002147194
121.500000000000 -0.000003075163
121.600000000000 -0.000003862877
121.700000000000 -0.000005203457
121.800000000000 -0.000005812083
121.900000000000 -0.000005970472
122.000000000000 -0.000006680768
122.100000000000 -0.000006838865
122.200000000000 -0.000006388989
122.300000000000 -0.000006528533
122.400000000000 -0.000006425092
122.500000000000 -0.000005688604
122.600000000000 -0.000005562169
122.700000000000 -0.000005523651
122.800000000000 -0.000004889764
122.900000000000 -0.000004807796
123.000000000000 -0.000005062448
123.100000000000 -0.000004754859
123.200000000000 -0.000004838421
123.300000000000 -0.000005375733
123.400000000000 -0.000005351159
123.500000000000 -0.000005482772
123.600000000000 -0.000006071876
123.700000000000 -0.000006083132
123.800000000000 -0.000006004838
123.900000000000 -0.000006338309
124.000000000000 -0.000006104339
124.100000000000 -0.000005589985
124.200000000000 -0.000005462849
124.300000000000 -0.000004845823
124.400000000000 -0.000003849904
124.500000000000 -0.000003277854
124.600000000000 -0.000002374325
124.700000000000 -0.000001078734
124.800000000000 -0.000000293771
124.900000000000 0.000000608008
125.000000000000 0.000001875588
125.100000000000 0.000002551043
125.200000000000 0.000003124936
125.300000000000 0.000004056165
125.400000000000 0.000004385210
125.500000000000 0.000004441871
125.600000000000 0.000004896703
125.700000000000 0.000004845610
125.800000000000 0.000004419295
125.900000000000 0.000004465045
126.000000000000 0.000004188913
126.100000000000 0.000003485809
126.200000000000 0.000003310047
126.300000000000 0.000003027739
126.400000000000 0.000002287015
126.500000000000 0.000002063894
126.600000000000 0.000001927333
126.700000000000 0.000001309367
126.800000000000 0.000001129906
126.900000000000 0.000001188931
127.000000000000 0.000000769167
127.100000000000 0.000000677316
127.200000000000 0.000000945927
127.300000000000 0.000000785472
127.400000000000 0.000000853166
127.500000000000 0.000001382293
127.600000000000 0.000001569387
127.700000000000 0.000001901710
127.800000000000 0.000002758015
127.900000000000 0.000003348129
128.000000000000 0.000003983314
128.100000000000 0.000005135726
128.200000000000 0.000006035514
128.300000000000 0.000006827685
128.400000000000 0.000008056399
128.500000000000 0.000008981252
128.600000000000 0.000009601805
128.700000000000 0.000010550536
128.800000000000 0.000011142630
128.900000000000 0.000011248091
129.000000000000 0.000011619825
129.100000000000 0.000011670044
129.200000000000 0.000011131013
129.300000000000 0.000010886318
129.400000000000 0.000010490133
129.500000000000 0.000009499798
129.600000000000 0.000008890232
129.700000000000 0.000008397603
129.800000000000 0.000007358281
129.900000000000 0.000006750150
130.000000000000 0.000006527323
130.100000000000 0.000005787554
130.200000000000 0.000005401047
130.300000000000 0.000005574643
130.400000000000 0.000005209360
130.500000000000 0.000004968789
130.600000000000 0.000005340059
130.700000000000 0.000005132211
130.800000000000 0.000004737090
130.900000000000 0.000004925018
131.000000000000 0.000004552767
131.100000000000 0.000003712791
131.200000000000 0.000003418722
131.300000000000 0.000002706528
131.400000000000 0.000001371169
131.500000000000 0.000000582708
131.600000000000 -0.000000355718
131.700000000000 -0.000001924572
131.800000000000 -0.000002915309
131.900000000000 -0.000003725568
132.000000000000 -0.000005074648
132.100000000000 -0.000005835595
132.200000000000 -0.000006119912
132.300000000000 -0.000006837340
132.400000000000 -0.000007037146
132.500000000000 -0.000006579172
132.600000000000 -0.000006505274
132.700000000000 -0.000006095672
132.800000000000 -0.000004990650
132.900000000000 -0.000004297601
133.000000000000 -0.000003544769
133.100000000000 -0.000002169377
133.200000000000 -0.000001271361
133.300000000000 -0.000000621513
133.400000000000 0.000000542113
133.500000000000 0.000001202934
133.600000000000 0.000001355637
133.700000000000 0.000001952281
133.800000000000 0.000002131904
133.900000000000 0.000001650513
134.000000000000 0.000001613254
134.100000000000 0.000001375786
134.200000000000 0.000000439009
134.300000000000 -0.000000016876
134.400000000000 -0.000000374226
134.500000000000 -0.000001398115
134.600000000000 -0.000001944863
134.700000000000 -0.000002104329
134.800000000000 -0.000002885305
134.900000000000 -0.000003299708
135.000000000000 -0.000003127777
135.100000000000 -0.000003547230
135.200000000000 -0.000003822015
135.300000000000 -0.000003424157
135.400000000000 -0.000003578275
135.500000000000 -0.000003856052
135.600000000000 -0.000003454086
135.700000000000 -0.000003506364
135.800000000000 -0.000003906698
135.900000000000 -0.000003651142
136.000000000000 -0.000003671284
136.100000000000 -0.000004165346
136.200000000000 -0.000004039906
136.300000000000 -0.000003965209
136.400000000000 -0.000004401599
136.500000000000 -0.000004285966
136.600000000000 -0.000004020841
136.700000000000 -0.000004264963
136.800000000000 -0.000004077485
136.900000000000 -0.000003618571
137.000000000000 -0.000003666277
137.100000000000 -0.000003443192
137.200000000000 -0.000002901240
137.300000000000 -0.000002859755
137.400000000000 -0.000002700650
137.500000000000 -0.000002199359
137.600000000000 -0.000002161767
137.700000000000 -0.000002108185
137.800000000000 -0.000001666620
137.900000000000 -0.000001611060
138.000000000000 -0.000001592173
138.100000000000 -0.000001117470
138.200000000000 -0.000000937534
138.300000000000 -0.000000849236
138.400000000000 -0.000000259713
138.500000000000 0.000000096832
138.600000000000 0.000000248606
138.700000000000 0.000000880414
138.800000000000 0.000001297125
138.900000000000 0.000001330342
139.000000000000 0.000001755365
139.100000000000 0.000001975957
139.200000000000 0.000001625254
139.300000000000 0.000001558054
139.400000000000 0.000001354799
139.500000000000 0.000000467905
139.600000000000 -0.000000206999
139.700000000000 -0.000000849840
139.800000000000 -0.000002158812
139.900000000000 -0.000003268618
140.000000000000 -0.000004097037
140.100000000000 -0.000005456027
140.200000000000 -0.000006599111
140.300000000000 -0.000007204744
140.400000000000 -0.000008156170
140.500000000000 -0.000008903836
140.600000000000 -0.000008940042
140.700000000000 -0.000009171085
140.800000000000 -0.000009287603
140.900000000000 -0.000008655222
141.000000000000 -0.000008151805
141.100000000000 -0.000007708130
141.200000000000 -0.000006608220
141.300000000000 -0.000005651783
141.400000000000 -0.000004976574
141.500000000000 -0.000003806584
141.600000000000 -0.000002820052
141.700000000000 -0.000002317830
141.800000000000 -0.000001467473
141.900000000000 -0.000000791228
142.000000000000 -0.000000722255
142.100000000000 -0.000000374873
142.200000000000 -0.000000089922
142.300000000000 -0.000000429311
142.400000000000 -0.000000478174
142.500000000000 -0.000000378095
142.600000000000 -0.000000839651
142.700000000000 -0.000000976338
142.800000000000 -0.000000716231
142.900000000000 -0.000000938962
143.000000000000 -0.000000872207
143.100000000000 -0.000000214779
143.200000000000 -0.000000003381
143.300000000000 0.000000327806
143.400000000000 0.000001327179
143.500000000000 0.000001869208
143.600000000000 0.000002240216
143.700000000000 0.000003245393
143.800000000000 0.000003792249
143.900000000000 0.000003849150
144.000000000000 0.000004457722
144.100000000000 0.000004701650
144.200000000000 0.000004226975
144.300000000000 0.000004240965
144.400000000000 0.000004122192
144.500000000000 0.000003215904
144.600000000000 0.000002772327
144.700000000000 0.000002525765
144.800000000000 0.000001564149
144.900000000000 0.000001032579
145.000000000000 0.000001019511
145.100000000000 0.000000424295
145.200000000000 0.000000157429
145.300000000000 0.000000617809
145.400000000000 0.000000611672
145.500000000000 0.000000740701
145.600000000000 0.000001654508
145.700000000000 0.000002176701
145.800000000000 0.000002589390
145.900000000000 0.000003732051
146.000000000000 0.000004546318
146.100000000000 0.000005026050
146.200000000000 0.000006139897
146.300000000000 0.000007014689
146.400000000000 0.000007397347
146.500000000000 0.000008322819
146.600000000000 0.000009131227
146.700000000000 0.000009353706
146.800000000000 0.000010029605
146.900000000000 0.000010717518
147.000000000000 0.000010754764
147.100000000000 0.000011131369
147.200000000000 0.000011630771
147.300000000000 0.000011423006
147.400000000000 0.000011405537
147.500000000000 0.000011606304
147.600000000000 0.000011070623
147.700000000000 0.000010563303
147.800000000000 0.000010380318
147.900000000000 0.000009501870
148.000000000000 0.000008512544
148.100000000000 0.000007980797
148.200000000000 0.000006891657
148.300000000000 0.000005592965
148.400000000000 0.000004891970
148.500000000000 0.000003851301
148.600000000000 0.000002530663
148.700000000000 0.000001902125
148.800000000000 0.000001175907
148.900000000000 0.000000100590
149.000000000000 -0.000000285928
149.100000000000 -0.000000564923
149.200000000000 -0.000001275673
149.300000000000 -0.000001414863
149.400000000000 -0.000001312667
149.500000000000 -0.000001726082
149.600000000000 -0.000001766735
149.700000000000 -0.000001499117
149.800000000000 -0.000001798885
149.900000000000 -0.000001940363
150.000000000000 -0.000001740143
150.100000000000 -0.000002093014
150.200000000000 -0.000002450172
150.300000000000 -0.000002425751
150.400000000000 -0.000002860930
150.500000000000 -0.000003374334
150.600000000000 -0.000003438332
150.700000000000 -0.000003810151
150.800000000000 -0.000004259321
150.900000000000 -0.000004176400
151.000000000000 -0.000004244190
151.100000000000 -0.000004374260
151.200000000000 -0.000003919269
151.300000000000 -0.000003515739
151.400000000000 -0.000003220857
151.500000000000 -0.000002366621
151.600000000000 -0.000001558534
151.700000000000 -0.000001008529
151.800000000000 -0.000000018045
151.900000000000 0.000000861431
152.000000000000 0.000001259828
152.100000000000 0.000001928726
152.200000000000 0.000002434804
152.300000000000 0.000002257606
152.400000000000 0.000002209264
152.500000000000 0.000002055953
152.600000000000 0.000001142014
152.700000000000 0.000000305485
152.800000000000 -0.000000426683
152.900000000000 -0.000001828397
153.000000000000 -0.000003120483
153.100000000000 -0.000004001093
153.200000000000 -0.000005340878
153.300000000000 -0.000006532374
153.400000000000 -0.000007032693
153.500000000000 -0.000007770648
153.600000000000 -0.000008408339
153.700000000000 -0.000008221648
153.800000000000 -0.000008130988
153.900000000000 -0.000008112263
154.000000000000 -0.000007320032
154.100000000000 -0.000006577127
154.200000000000 -0.000006153635
154.300000000000 -0.000005131186
154.400000000000 -0.000004147590
154.500000000000 -0.000003706116
154.600000000000 -0.000002857725
154.700000000000 -0.000001998563
154.800000000000 -0.000001799681
154.900000000000 -0.000001327909
155.000000000000 -0.000000725042
155.100000000000 -0.000000785896
155.200000000000 -0.000000646384
155.300000000000 -0.000000213219
155.400000000000 -0.000000383279
155.500000000000 -0.000000414148
155.600000000000 -0.000000001943
155.700000000000 -0.000000128391
155.800000000000 -0.000000216922
155.900000000000 0.000000237324
156.000000000000 0.000000200132
156.100000000000 0.000000046088
156.200000000000 0.000000484960
156.300000000000 0.000000486192
156.400000000000 0.000000187558
156.500000000000 0.000000501157
156.600000000000 0.000000476385
156.700000000000 -0.000000021899
156.800000000000 0.000000088605
156.900000000000 0.000000023640
157.000000000000 -0.000000652489
157.100000000000 -0.000000759564
157.200000000000 -0.000000830851
157.300000000000 -0.000001602699
157.400000000000 -0.000001902350
157.500000000000 -0.000001942702
157.600000000000 -0.000002716943
157.700000000000 -0.000003178582
157.800000000000 -0.000003181334
157.900000000000 -0.000003885326
158.000000000000 -0.000004478896
158.100000000000 -0.000004461480
158.200000000000 -0.000005039018
158.300000000000 -0.000005712367
158.400000000000 -0.000005679608
158.500000000000 -0.000006065966
158.600000000000 -0.000006718907
158.700000000000 -0.000006627628
158.800000000000 -0.000006731704
158.900000000000 -0.000007214170
159.000000000000 -0.000006968514
159.100000000000 -0.000006684627
159.200000000000 -0.000006834870
159.300000000000 -0.000006328190
159.400000000000 -0.000005587210
159.500000000000 -0.000005308594
159.600000000000 -0.000004505644
159.700000000000 -0.000003352071
159.800000000000 -0.000002699672
159.900000000000 -0.000001719330
160.000000000000 -0.000000367736
160.100000000000 0.000000414307
160.200000000000 0.000001283460
160.300000000000 0.000002477232
160.400000000000 0.000003027536
160.500000000000 0.000003430830
160.600000000000 0.000004113764
160.700000000000 0.000004136484
160.800000000000 0.000003851213
160.900000000000 0.000003874968
161.000000000000 0.000003340045
161.100000000000 0.000002449483
161.200000000000 0.000001994927
161.300000000000 0.000001208955
161.400000000000 0.000000110299
161.500000000000 -0.000000383919
161.600000000000 -0.000000923753
161.700000000000 -0.000001723486
161.800000000000 -0.000001818557
161.900000000000 -0.000001721526
162.000000000000 -0.000001906601
162.100000000000 -0.000001445617
162.200000000000 -0.000000678134
162.300000000000 -0.000000312350
162.400000000000 0.000000478445
162.500000000000 0.000001574710
162.600000000000 0.000002116593
162.700000000000 0.000002792137
162.800000000000 0.000003737156
162.900000000000 0.000004050100
163.000000000000 0.000004262131
163.100000000000 0.000004760042
163.200000000000 0.000004695176
163.300000000000 0.000004428577
163.400000000000 0.000004543373
163.500000000000 0.000004293244
163.600000000000 0.000003856233
163.700000000000 0.000003925377
163.800000000000 0.000003860420
163.900000000000 0.000003651160
164.000000000000 0.000004019869
164.100000000000 0.000004413676
164.200000000000 0.000004645027
164.300000000000 0.000005422555
164.400000000000 0.000006267681
164.500000000000 0.000006840275
164.600000000000 0.000007836586
164.700000000000 0.000008860853
164.800000000000 0.000009445331
164.900000000000 0.000010298229
165.000000000000 0.000011137100
165.100000000000 0.000011378033
165.200000000000 0.000011755995
165.300000000000 0.000012145402
165.400000000000 0.000011843153
165.500000000000 0.000011591838
165.600000000000 0.000011468176
165.700000000000 0.000010646711
165.800000000000 0.000009819312
165.900000000000 0.000009301080
166.000000000000 0.000008161110
166.100000000000 0.000006955741
166.200000000000 0.000006253385
166.300000000000 0.000005067643
166.400000000000 0.000003731019
166.500000000000 0.000003048604
166.600000000000 0.000002059878
166.700000000000 0.000000806200
166.800000000000 0.000000277069
166.900000000000 -0.000000364440
167.000000000000 -0.000001395753
167.100000000000 -0.000001725135
167.200000000000 -0.000001973923
167.300000000000 -0.000002719277
167.400000000000 -0.000002865356
167.500000000000 -0.000002752950
167.600000000000 -0.000003200339
167.700000000000 -0.000003204773
167.800000000000 -0.000002801946
167.900000000000 -0.000002970545
168.000000000000 -0.000002882121
168.100000000000 -0.000002283067
168.200000000000 -0.000002228267
168.300000000000 -0.000002118052
168.400000000000 -0.000001451620
168.500000000000 -0.000001283593
168.600000000000 -0.000001266304
168.700000000000 -0.000000699699
168.800000000000 -0.000000571822
168.900000000000 -0.000000783586
169.000000000000 -0.000000475519
169.100000000000 -0.000000511953
169.200000000000 -0.000001026746
169.300000000000 -0.000001034747
169.400000000000 -0.000001229747
169.500000000000 -0.000001968593
169.600000000000 -0.000002183173
169.700000000000 -0.000002362565
169.800000000000 -0.000003090654
169.900000000000 -0.000003281962
170.000000000000 -0.000003197309
170.100000000000 -0.000003654286
170.200000000000 -0.000003637143
170.300000000000 -0.000003157570
170.400000000000 -0.000003248628
170.500000000000 -0.000003054938
170.600000000000 -0.000002314676
170.700000000000 -0.000002208505
170.800000000000 -0.000002113787
170.900000000000 -0.000001474454
171.000000000000 -0.000001500511
171.100000000000 -0.000001845446
171.200000000000 -0.000001664902
171.300000000000 -0.000002058853
171.400000000000 -0.000002975219
171.500000000000 -0.000003339276
171.600000000000 -0.000004024177
171.700000000000 -0.000005273670
171.800000000000 -0.000005898413
171.900000000000 -0.000006482510
172.000000000000 -0.000007549879
172.100000000000 -0.000007944709
172.200000000000 -0.000007957837
172.300000000000 -0.000008350965
172.400000000000 -0.000008135584
172.500000000000 -0.000007342005
172.600000000000 -0.000006893466
172.700000000000 -0.000006046388
172.800000000000 -0.000004613381
172.900000000000 -0.000003578061
173.000000000000 -0.000002450188
173.100000000000 -0.000000861808
173.200000000000 0.000000243154
173.300000000000 0.000001142434
173.400000000000 0.000002354322
173.500000000000 0.000003044674
173.600000000000 0.000003331671
173.700000000000 0.000003855270
173.800000000000 0.000003917598
173.900000000000 0.000003510706
174.000000000000 0.000003365984
174.100000000000 0.000002913958
174.200000000000 0.000002022634
174.300000000000 0.000001483747
174.400000000000 0.000000838452
174.500000000000 -0.000000190327
174.600000000000 -0.000000781694
174.700000000000 -0.000001287730
174.800000000000 -0.000002155276
174.900000000000 -0.000002567592
175.000000000000 -0.000002749378
175.100000000000 -0.000003325194
175.200000000000 -0.000003520936
175.300000000000 -0.000003394774
175.400000000000 -0.000003726813
175.500000000000 -0.000003829599
175.600000000000 -0.000003554830
175.700000000000 -0.000003784372
175.800000000000 -0.000003963293
175.900000000000 -0.000003717140
176.000000000000 -0.000003955603
176.100000000000 -0.000004297809
176.200000000000 -0.000004158853
176.300000000000 -0.000004401695
176.400000000000 -0.000004849967
176.500000000000 -0.000004760629
176.600000000000 -0.000004892572
176.700000000000 -0.000005286681
176.800000000000 -0.000005115588
176.900000000000 -0.000005000954
177.000000000000 -0.000005191219
177.100000000000 -0.000004844869
177.200000000000 -0.000004432027
177.300000000000 -0.000004377656
177.400000000000 -0.000003871865
177.500000000000 -0.000003227130
177.600000000000 -0.000003003238
177.700000000000 -0.000002439831
177.800000000000 -0.000001686626
177.900000000000 -0.000001403156
178.000000000000 -0.000000884127
178.100000000000 -0.000000110975
178.200000000000 0.000000172725
178.300000000000 0.000000602091
178.400000000000 0.000001370073
178.500000000000 0.000001649447
178.600000000000 0.000001968604
178.700000000000 0.000002704640
178.800000000000 0.000002953932
178.900000000000 0.000003085779
179.000000000000 0.000003677027
179.100000000000 0.000003787858
179.200000000000 0.000003576207
179.300000000000 0.000003832330
179.400000000000 0.000003662775
179.500000000000 0.000002974855
179.600000000000 0.000002762664
179.700000000000 0.000002286594
179.800000000000 0.000001180820
179.900000000000 0.000000586258
180.000000000000 0.000000014774
180.100000000000 -0.000001177973
180.200000000000 -0.000001816218
180.300000000000 -0.000002078796
180.400000000000 -0.000002870415
180.500000000000 -0.000003125489
180.600000000000 -0.000002703872
180.700000000000 -0.000002716203
180.800000000000 -0.000002341161
180.900000000000 -0.000001145595
181.000000000000 -0.000000348161
181.100000000000 0.000000546969
181.200000000000 0.000002222462
181.300000000000 0.000003481263
181.400000000000 0.000004481291
181.500000000000 0.000006103158
181.600000000000 0.000007301067
181.700000000000 0.000007935421
181.800000000000 0.000009023834
181.900000000000 0.000009765373
182.000000000000 0.000009782604
182.100000000000 0.000010156969
182.200000000000 0.000010370205
182.300000000000 0.000009857360
182.400000000000 0.000009682817
182.500000000000 0.000009599890
182.600000000000 0.000008887492
182.700000000000 0.000008516179
182.800000000000 0.000008477210
182.900000000000 0.000007914579
183.000000000000 0.000007643736
183.100000000000 0.000007865497
183.200000000000 0.000007616638
183.300000000000 0.000007515614
183.400000000000 0.000007963122
183.500000000000 0.000007936385
183.600000000000 0.000007830615
183.700000000000 0.000008249779
183.800000000000 0.000008183131
183.900000000000 0.000007785956
184.000000000000 0.000007862951
184.100000000000 0.000007503539
184.200000000000 0.000006612885
184.300000000000 0.000006166558
184.400000000000 0.000005441963
184.500000000000 0.000004092211
184.600000000000 0.000003193953
184.700000000000 0.000002279390
184.800000000000 0.000000761613
184.900000000000 -0.000000286977
185.000000000000 -0.000001049238
185.100000000000 -0.000002318404
185.200000000000 -0.000003144151
185.300000000000 -0.000003433924
185.400000000000 -0.000004126021
185.500000000000 -0.000004488747
185.600000000000 -0.000004193145
185.700000000000 -0.000004235716
185.800000000000 -0.000004150363
185.900000000000 -0.000003424486
186.000000000000 -0.000003015334
186.100000000000 -0.000002712681
186.200000000000 -0.000001875114
186.300000000000 -0.000001338367
186.400000000000 -0.000001099685
186.500000000000 -0.000000441278
186.600000000000 -0.000000034428
186.700000000000 -0.000000027934
186.800000000000 0.000000324608
186.900000000000 0.000000513655
187.000000000000 0.000000277406
187.100000000000 0.000000353958
187.200000000000 0.000000365247
187.300000000000 -0.000000048535
187.400000000000 -0.000000175560
187.500000000000 -0.000000288183
187.600000000000 -0.000000843392
187.700000000000 -0.000001154256
187.800000000000 -0.000001384426
187.900000000000 -0.000002089290
188.000000000000 -0.000002600801
188.100000000000 -0.000002941754
188.200000000000 -0.000003763632
188.300000000000 -0.000004430664
188.400000000000 -0.000004784878
188.500000000000 -0.000005566819
188.600000000000 -0.000006221710
188.700000000000 -0.000006388640
188.800000000000 -0.000006880377
188.900000000000 -0.000007299617
189.000000000000 -0.000007089947
189.100000000000 -0.000007098559
189.200000000000 -0.000007159999
189.300000000000 -0.000006554033
189.400000000000 -0.000006095309
189.500000000000 -0.000005889183
189.600000000000 -0.000005095382
189.700000000000 -0.000004407228
189.800000000000 -0.000004189563
189.900000000000 -0.000003531446
190.000000000000 -0.000002919525
190.100000000000 -0.000002928216
190.200000000000 -0.000002632189
190.300000000000 -0.000002259664
190.400000000000 -0.000002533296
190.500000000000 -0.000002577931
190.600000000000 -0.000002360686
190.700000000000 -0.000002702736
190.800000000000 -0.000002845419
190.900000000000 -0.000002531724
191.000000000000 -0.000002649210
191.100000000000 -0.000002610622
191.200000000000 -0.000001983980
191.300000000000 -0.000001698916
191.400000000000 -0.000001372473
191.500000000000 -0.000000432079
191.600000000000 0.000000181965
191.700000000000 0.000000637459
191.800000000000 0.000001638209
191.900000000000 0.000002281626
192.000000000000 0.000002521469
192.100000000000 0.000003197839
192.200000000000 0.000003511791
192.300000000000 0.000003204290
192.400000000000 0.000003247569
192.500000000000 0.000003021815
192.600000000000 0.000002051687
192.700000000000 0.000001404644
192.800000000000 0.000000711171
192.900000000000 -0.000000723253
193.000000000000 -0.000001817131
193.100000000000 -0.000002638697
193.200000000000 -0.000004090654
193.300000000000 -0.000005195489
193.400000000000 -0.000005701640
193.500000000000 -0.000006679823
193.600000000000 -0.000007384884
193.700000000000 -0.000007262989
193.800000000000 -0.000007473280
193.900000000000 -0.000007605010
194.000000000000 -0.000006849762
194.100000000000 -0.000006338652
194.200000000000 -0.000006040153
194.300000000000 -0.000004959172
194.400000000000 -0.000004065801
194.500000000000 -0.000003685855
194.600000000000 -0.000002718523
194.700000000000 -0.000001857926
194.800000000000 -0.000001715412
194.900000000000 -0.000001175281
195.000000000000 -0.000000593227
195.100000000000 -0.000000776308
195.200000000000 -0.000000689471
195.300000000000 -0.000000355096
195.400000000000 -0.000000695594
195.500000000000 -0.000000843214
195.600000000000 -0.000000545167
195.700000000000 -0.000000777609
195.800000000000 -0.000000898382
195.900000000000 -0.000000454834
196.000000000000 -0.000000427006
196.100000000000 -0.000000415349
196.200000000000 0.000000174508
196.300000000000 0.000000406555
196.400000000000 0.000000456183
196.500000000000 0.000001030519
196.600000000000 0.000001284731
196.700000000000 0.000001200462
196.800000000000 0.000001584230
196.900000000000 0.000001722259
197.000000000000 0.000001419785
197.100000000000 0.000001561208
197.200000000000 0.000001592156
197.300000000000 0.000001138376
197.400000000000 0.000001118428
197.500000000000 0.000001158833
197.600000000000 0.000000698272
197.700000000000 0.000000627432
197.800000000000 0.000000776895
197.900000000000 0.000000412178
198.000000000000 0.000000330358
198.100000000000 0.000000591315
198.200000000000 0.000000337754
198.300000000000 0.000000216097
198.400000000000 0.000000529280
198.500000000000 0.000000376269
198.600000000000 0.000000209026
198.700000000000 0.000000556486
198.800000000000 0.000000557441
198.900000000000 0.000000439875
199.000000000000 0.000000902186
199.100000000000 0.000001187248
199.200000000000 0.000001287888
199.300000000000 0.000001988351
199.400000000000 0.000002670437
199.500000000000 0.000003105637
199.600000000000 0.000004081616
199.700000000000 0.000005129366
199.800000000000 0.000005839367
199.900000000000 0.000006948853
200.000000000000 0.000008135416
200.100000000000 0.000008865300
200.200000000000 0.000009810696
200.300000000000 0.000010790780
200.400000000000 0.000011201427
200.500000000000 0.000011664138
200.600000000000 0.000012138236
200.700000000000 0.000011982033
200.800000000000 0.000011786054
200.900000000000 0.000011654095
201.000000000000 0.000010912333
201.100000000000 0.000010121196
201.200000000000 0.000009537971
201.300000000000 0.000008443760
201.400000000000 0.000007336950
201.500000000000 0.000006637471
201.600000000000 0.000005569827
201.700000000000 0.000004507593
201.800000000000 0.000004035729
201.900000000000 0.000003333803
202.000000000000 0.000002574998
202.100000000000 0.000002498784
202.200000000000 0.000002289243
202.300000000000 0.000001858348
202.400000000000 0.000002073636
202.500000000000 0.000002210748
202.600000000000 0.000001899121
202.700000000000 0.000002091152
202.800000000000 0.000002259854
202.900000000000 0.000001779216
203.000000000000 0.000001625332
203.100000000000 0.000001559797
203.200000000000 0.000000764856
203.300000000000 0.000000160541
203.400000000000 -0.000000160197
203.500000000000 -0.000001130799
203.600000000000 -0.000001979831
203.700000000000 -0.000002304235
203.800000000000 -0.000003084957
203.900000000000 -0.000003787012
204.000000000000 -0.000003768996
204.100000000000 -0.000004003431
204.200000000000 -0.000004249682
204.300000000000 -0.000003714758
204.400000000000 -0.000003309944
204.500000000000 -0.000003098126
204.600000000000 -0.000002201493
204.700000000000 -0.000001411467
204.800000000000 -0.000001057296
204.900000000000 -0.000000210770
205.000000000000 0.000000517954
205.100000000000 0.000000591854
205.200000000000 0.000000972138
205.300000000000 0.000001280382
205.400000000000 0.000000820651
205.500000000000 0.000000559058
205.600000000000 0.000000376493
205.700000000000 -0.000000557757
205.800000000000 -0.000001329041
205.900000000000 -0.000001792141
206.000000000000 -0.000002901445
206.100000000000 -0.000003874059
206.200000000000 -0.000004307715
206.300000000000 -0.000005254350
206.400000000000 -0.000006146656
206.500000000000 -0.000006337553
206.600000000000 -0.000006913625
206.700000000000 -0.000007589313
206.800000000000 -0.000007495669
206.900000000000 -0.000007655715
207.000000000000 -0.000008102392
207.100000000000 -0.000007793880
207.200000000000 -0.000007579804
207.300000000000 -0.000007815713
207.400000000000 -0.000007372040
207.500000000000 -0.000006834007
207.600000000000 -0.000006850230
207.700000000000 -0.000006316442
207.800000000000 -0.000005502268
207.900000000000 -0.000005285428
208.000000000000 -0.000004701979
208.100000000000 -0.000003699926
208.200000000000 -0.000003292075
208.300000000000 -0.000002741815
208.400000000000 -0.000001708198
208.500000000000 -0.000001229986
208.600000000000 -0.000000838641
208.700000000000 0.000000036147
208.800000000000 0.000000430452
208.900000000000 0.000000549632
209.000000000000 0.000001120335
209.100000000000 0.000001323891
209.200000000000 0.000001137530
209.300000000000 0.000001371639
209.400000000000 0.000001382946
209.500000000000 0.000000964997
209.600000000000 0.000000951625
209.700000000000 0.000000870801
209.800000000000 0.000000369073
209.900000000000 0.000000261778
210.000000000000 0.000000227078
210.100000000000 -0.000000214597
210.200000000000 -0.000000291643
210.300000000000 -0.000000193501
210.400000000000 -0.000000517543
210.500000000000 -0.000000551512
210.600000000000 -0.000000352214
210.700000000000 -0.000000626619
210.800000000000 -0.000000735752
210.900000000000 -0.000000582159
211.000000000000 -0.000000959773
211.100000000000 -0.000001321324
211.200000000000 -0.000001383009
211.300000000000 -0.000001981951
211.400000000000 -0.000002689743
211.500000000000 -0.000003016144
211.600000000000 -0.000003783425
211.700000000000 -0.000004719517
211.800000000000 -0.000005143023
211.900000000000 -0.000005805347
212.000000000000 -0.000006633629
212.100000000000 -0.000006815098
212.200000000000 -0.000006989926
212.300000000000 -0.000007318004
212.400000000000 -0.000006944635
212.500000000000 -0.000006375184
212.600000000000 -0.000006005881
212.700000000000 -0.000005026055
212.800000000000 -0.000003789579
212.900000000000 -0.000002889201
213.000000000000 -0.000001609250
213.100000000000 -0.000000133170
213.200000000000 0.000000825635
213.300000000000 0.000001880756
213.400000000000 0.000003038200
213.500000000000 0.000003546500
213.600000000000 0.000003934908
213.700000000000 0.000004406066
213.800000000000 0.000004224919
213.900000000000 0.000003846765
214.000000000000 0.000003657105
214.100000000000 0.000002947245
214.200000000000 0.000002079456
214.300000000000 0.000001592249
214.400000000000 0.000000783339
214.500000000000 -0.000000124980
214.600000000000 -0.000000470704
214.700000000000 -0.000000963400
214.800000000000 -0.000001575581
214.900000000000 -0.000001537961
215.000000000000 -0.000001542260
215.100000000000 -0.000001796573
215.200000000000 -0.000001431637
215.300000000000 -0.000001050095
215.400000000000 -0.000001111132
215.500000000000 -0.000000664832
215.600000000000 -0.000000128577
215.700000000000 -0.000000202264
215.800000000000 0.000000091730
215.900000000000 0.000000607886
216.000000000000 0.000000439960
216.100000000000 0.000000502511
216.200000000000 0.000000970502
216.300000000000 0.000000790461
216.400000000000 0.000000704122
216.500000000000 0.000001205985
216.600000000000 0.000001179312
216.700000000000 0.000001095890
216.800000000000 0.000001723272
216.900000000000 0.000001982747
217.000000000000 0.000002018919
217.100000000000 0.000002793347
217.200000000000 0.000003366845
217.300000000000 0.000003550736
217.400000000000 0.000004405314
217.500000000000 0.000005212462
217.600000000000 0.000005489236
217.700000000000 0.000006300004
217.800000000000 0.000007195608
217.900000000000 0.000007466125
218.000000000000 0.000008099987
218.100000000000 0.000008929437
218.200000000000 0.000009093445
218.300000000000 0.000009446459
218.400000000000 0.000010087516
218.500000000000 0.000010073208
218.600000000000 0.000010086597
218.700000000000 0.000010464779
218.800000000000 0.000010236731
218.900000000000 0.000009890289
219.000000000000 0.000009969543
219.100000000000 0.000009520389
219.200000000000 0.000008818082
219.300000000000 0.000008586539
219.400000000000 0.000007933335
219.500000000000 0.000006907076
219.600000000000 0.000006385671
219.700000000000 0.000005591587
219.800000000000 0.000004336395
219.900000000000 0.000003616104
220.000000000000 0.000002827575
220.100000000000 0.000001540992
220.200000000000 0.000000810408
220.300000000000 0.000000260131
220.400000000000 -0.000000774415
220.500000000000 -0.000001270485
220.600000000000 -0.000001344293
220.700000000000 -0.000001868079
220.800000000000 -0.000001955701
220.900000000000 -0.000001459119
221.000000000000 -0.000001398926
221.100000000000 -0.000001117226
221.200000000000 -0.000000219963
221.300000000000 0.000000219934
221.400000000000 0.000000583957
221.500000000000 0.000001478256
221.600000000000 0.000001896481
221.700000000000 0.000001950046
221.800000000000 0.000002409317
221.900000000000 0.000002443421
222.000000000000 0.000001939409
222.100000000000 0.000001766651
222.200000000000 0.000001331763
222.300000000000 0.000000352717
222.400000000000 -0.000000283170
222.500000000000 -0.000000934315
222.600000000000 -0.000002010693
222.700000000000 -0.000002688630
222.800000000000 -0.000003143585
222.900000000000 -0.000003890625
223.000000000000 -0.000004226728
223.100000000000 -0.000004206340
223.200000000000 -0.000004433345
223.300000000000 -0.000004339573
223.400000000000 -0.000003891488
223.500000000000 -0.000003759788
223.600000000000 -0.000003487206
223.700000000000 -0.000002941907
223.800000000000 -0.000002832194
223.900000000000 -0.000002777606
224.000000000000 -0.000002509726
224.100000000000 -0.000002745673
224.200000000000 -0.000003171286
224.300000000000 -0.000003346213
224.400000000000 -0.000003973717
224.500000000000 -0.000004836005
224.600000000000 -0.000005313872
224.700000000000 -0.000006076191
224.800000000000 -0.000007061745
224.900000000000 -0.000007501961
225.000000000000 -0.000008002557
225.100000000000 -0.000008719331
225.200000000000 -0.000008792206
225.300000000000 -0.000008720558
225.400000000000 -0.000008907317
225.500000000000 -0.000008472050
225.600000000000 -0.000007755638
225.700000000000 -0.000007392522
225.800000000000 -0.000006551851
225.900000000000 -0.000005369724
226.000000000000 -0.000004655020
226.100000000000 -0.000003684408
226.200000000000 -0.000002363919
226.300000000000 -0.000001596727
226.400000000000 -0.000000806912
226.500000000000 0.000000326598
226.600000000000 0.000000886623
226.700000000000 0.000001280040
226.800000000000 0.000002026679
226.900000000000 0.000002257351
227.000000000000 0.000002200910
227.100000000000 0.000002532328
227.200000000000 0.000002466852
227.300000000000 0.000002050833
227.400000000000 0.000002068096
227.500000000000 0.000001835733
227.600000000000 0.000001212192
227.700000000000 0.000001051207
227.800000000000 0.000000786347
227.900000000000 0.000000082257
228.000000000000 -0.000000166760
228.100000000000 -0.000000383110
228.200000000000 -0.000001097844
228.300000000000 -0.000001404118
228.400000000000 -0.000001535939
228.500000000000 -0.000002212928
228.600000000000 -0.000002557881
228.700000000000 -0.000002566570
228.800000000000 -0.000003126604
228.900000000000 -0.000003458356
229.000000000000 -0.000003283515
229.100000000000 -0.000003617487
229.200000000000 -0.000003867671
229.300000000000 -0.000003475021
229.400000000000 -0.000003514909
229.500000000000 -0.000003669657
229.600000000000 -0.000003126117
229.700000000000 -0.000002920627
229.800000000000 -0.000003066276
229.900000000000 -0.000002551744
230.000000000000 -0.000002255129
230.100000000000 -0.000002524639
230.200000000000 -0.000002231430
230.300000000000 -0.000001984580
230.400000000000 -0.000002423271
230.500000000000 -0.000002403240
230.600000000000 -0.000002197432
230.700000000000 -0.000002663704
230.800000000000 -0.000002757600
230.900000000000 -0.000002413576
231.000000000000 -0.000002629056
231.100000000000 -0.000002567421
231.200000000000 -0.000001879239
231.300000000000 -0.000001624876
231.400000000000 -0.000001247935
231.500000000000 -0.000000194133
231.600000000000 0.000000489107
231.700000000000 0.000001062038
231.800000000000 0.000002216018
231.900000000000 0.000002992905
232.000000000000 0.000003394288
232.100000000000 0.000004208622
232.200000000000 0.000004635388
232.300000000000 0.000004480029
232.400000000000 0.000004606598
232.500000000000 0.000004417940
232.600000000000 0.000003574231
232.700000000000 0.000002989420
232.800000000000 0.000002284504
232.900000000000 0.000000992249
233.000000000000 0.000000030121
233.100000000000 -0.000000772308
233.200000000000 -0.000002018284
233.300000000000 -0.000002853194
233.400000000000 -0.000003255274
233.500000000000 -0.000003971516
233.600000000000 -0.000004281919
233.700000000000 -0.000003980817
233.800000000000 -0.000003937580
233.900000000000 -0.000003626705
234.000000000000 -0.000002657816
234.100000000000 -0.000001960855
234.200000000000 -0.000001241603
234.300000000000 0.000000072125
234.400000000000 0.000001081456
234.500000000000 0.000001839034
234.600000000000 0.000003075961
234.700000000000 0.000004020600
234.800000000000 0.000004498180
234.900000000000 0.000005347698
235.000000000000 0.000005997950
235.100000000000 0.000006079857
235.200000000000 0.000006466521
235.300000000000 0.000006818743
235.400000000000 0.000006617105
235.500000000000 0.000006688751
235.600000000000 0.000006913376
235.700000000000 0.000006667134
235.800000000000 0.000006665689
235.900000000000 0.000006963516
236.000000000000 0.000006873563
236.100000000000 0.000006965827
236.200000000000 0.000007419280
236.300000000000 0.000007517580
236.400000000000 0.000007687186
236.500000000000 0.000008199164
236.600000000000 0.000008334470
236.700000000000 0.000008403043
236.800000000000 0.000008764179
236.900000000000 0.000008715228
237.000000000000 0.000008476969
237.100000000000 0.000008513697
237.200000000000 0.000008150870
237.300000000000 0.000007522668
237.400000000000 0.000007215996
237.500000000000 0.000006593243
237.600000000000 0.000005669971
237.700000000000 0.000005156030
237.800000000000 0.000004467926
237.900000000000 0.000003449639
238.000000000000 0.000002910129
238.100000000000 0.000002358309
238.200000000000 0.000001422169
238.300000000000 0.000000965034
238.400000000000 0.000000650071
238.500000000000 -0.000000119972
238.600000000000 -0.000000487636
238.700000000000 -0.000000566061
238.800000000000 -0.000001144021
238.900000000000 -0.000001442783
239.000000000000 -0.000001303795
239.100000000000 -0.000001642678
239.200000000000 -0.000001840476
239.300000000000 -0.000001464603
239.400000000000 -0.000001480999
239.500000000000 -0.000001506318
239.600000000000 -0.000000879609
239.700000000000 -0.000000541090
239.800000000000 -0.000000391618
239.900000000000 0.000000385694
240.000000000000 0.000000949145
240.100000000000 0.000001110825
240.200000000000 0.000001773441
240.300000000000 0.000002262040
240.400000000000 0.000002144346
240.500000000000 0.000002357614
240.600000000000 0.000002449313
240.700000000000 0.000001808433
240.800000000000 0.000001369779
240.900000000000 0.000000933829
241.000000000000 -0.000000232043
241.100000000000 -0.000001234911
241.200000000000 -0.000002022093
241.300000000000 -0.000003417970
241.400000000000 -0.000004625378
241.500000000000 -0.000005363604
241.600000000000 -0.000006539664
241.700000000000 -0.000007517671
241.800000000000 -0.000007818253
241.900000000000 -0.000008416953
242.000000000000 -0.000008901979
242.100000000000 -0.000008615547
242.200000000000 -0.000008557048
242.300000000000 -0.000008583936
242.400000000000 -0.000007872551
242.500000000000 -0.000007363245
242.600000000000 -0.000007202409
242.700000000000 -0.000006422058
242.800000000000 -0.000005797342
242.900000000000 -0.000005757161
243.000000000000 -0.000005239381
243.100000000000 -0.000004753427
243.200000000000 -0.000004980106
243.300000000000 -0.000004849903
243.400000000000 -0.000004540609
243.500000000000 -0.000004932027
243.600000000000 -0.000005060090
243.700000000000 -0.000004757481
243.800000000000 -0.000005030650
243.900000000000 -0.000005134397
244.000000000000 -0.000004596539
244.100000000000 -0.000004464313
244.200000000000 -0.000004295148
244.300000000000 -0.000003391095
244.400000000000 -0.000002749791
244.500000000000 -0.000002262091
244.600000000000 -0.000001097002
244.700000000000 -0.000000118423
244.800000000000 0.000000478445
244.900000000000 0.000001576262
245.000000000000 0.000002511337
245.100000000000 0.000002858963
245.200000000000 0.000003497059
245.300000000000 0.000003999903
245.400000000000 0.000003802884
245.500000000000 0.000003745146
245.600000000000 0.000003641003
245.700000000000 0.000002856212
245.800000000000 0.000002166323
245.900000000000 0.000001595207
246.000000000000 0.000000470691
246.100000000000 -0.000000522434
246.200000000000 -0.000001197233
246.300000000000 -0.000002264509
246.400000000000 -0.000003160974
246.500000000000 -0.000003575182
246.600000000000 -0.000004263568
246.700000000000 -0.000004811518
246.800000000000 -0.000004796887
246.900000000000 -0.000005007850
247.000000000000 -0.000005196181
247.100000000000 -0.000004821278
247.200000000000 -0.000004658554
247.300000000000 -0.000004636340
247.400000000000 -0.000004088808
247.500000000000 -0.000003715451
247.600000000000 -0.000003629774
247.700000000000 -0.000003060677
247.800000000000 -0.000002571685
247.900000000000 -0.000002468494
248.000000000000 -0.000001930397
248.100000000000 -0.000001343371
248.200000000000 -0.000001199826
248.300000000000 -0.000000705651
248.400000000000 -0.000000048280
248.500000000000 0.000000125023
248.600000000000 0.000000513142
248.700000000000 0.000001132578
248.800000000000 0.000001241807
248.900000000000 0.000001404215
249.000000000000 0.000001832434
249.100000000000 0.000001763412
249.200000000000 0.000001614112
249.300000000000 0.000001770028
249.400000000000 0.000001504575
249.500000000000 0.000001091899
249.600000000000 0.000001051771
249.700000000000 0.000000719065
249.800000000000 0.000000227078
249.900000000000 0.000000185643
250.000000000000 -0.000000013019
250.100000000000 -0.000000382313
250.200000000000 -0.000000255782
250.300000000000 -0.000000193888
250.400000000000 -0.000000366588
250.500000000000 -0.000000062551
250.600000000000 0.000000214969
250.700000000000 0.000000131814
250.800000000000 0.000000448612
250.900000000000 0.000000760479
251.000000000000 0.000000566547
251.100000000000 0.000000676188
251.200000000000 0.000000846506
251.300000000000 0.000000413470
251.400000000000 0.000000205951
251.500000000000 0.000000207101
251.600000000000 -0.000000397072
251.700000000000 -0.000000826767
251.800000000000 -0.000000831339
251.900000000000 -0.000001344385
252.000000000000 -0.000001733073
252.100000000000 -0.000001475317
252.200000000000 -0.000001569723
252.300000000000 -0.000001631286
252.400000000000 -0.000000903019
252.500000000000 -0.000000369157
252.600000000000 0.000000034878
252.700000000000 0.000001232260
252.800000000000 0.000002348623
252.900000000000 0.000003107407
253.000000000000 0.000004513216
253.100000000000 0.000005897160
253.200000000000 0.000006679783
253.300000000000 0.000007863828
253.400000000000 0.000009062416
253.500000000000 0.000009477473
253.600000000000 0.000010039403
253.700000000000 0.000010683194
253.800000000000 0.000010493804
253.900000000000 0.000010272861
254.000000000000 0.000010270014
254.100000000000 0.000009540425
254.200000000000 0.000008709104
254.300000000000 0.000008289207
254.400000000000 0.000007359951
254.500000000000 0.000006327256
254.600000000000 0.000005891639
254.700000000000 0.000005181260
254.800000000000 0.000004350807
254.900000000000 0.000004215114
255.000000000000 0.000003970070
255.100000000000 0.000003507471
255.200000000000 0.000003708123
255.300000000000 0.000003871954
255.400000000000 0.000003641948
255.500000000000 0.000003941907
255.600000000000 0.000004235544
255.700000000000 0.000003950616
255.800000000000 0.000004034884
255.900000000000 0.000004182596
256.000000000000 0.000003646103
256.100000000000 0.000003354545
256.200000000000 0.000003279980
256.300000000000 0.000002537617
256.400000000000 0.000001960617
256.500000000000 0.000001808553
256.600000000000 0.000001102113
256.700000000000 0.000000482402
256.800000000000 0.000000468371
256.900000000000 0.000000047080
257.000000000000 -0.000000413051
257.100000000000 -0.000000187668
257.200000000000 -0.000000238051
257.300000000000 -0.000000503591
257.400000000000 -0.000000122357
257.500000000000 0.000000092309
257.600000000000 -0.000000088104
257.700000000000 0.000000259946
257.800000000000 0.000000549638
257.900000000000 0.000000321534
258.000000000000 0.000000480591
258.100000000000 0.000000701443
258.200000000000 0.000000367656
258.300000000000 0.000000291084
258.400000000000 0.000000393129
258.500000000000 -0.000000028863
258.600000000000 -0.000000308857
258.700000000000 -0.000000326032
258.800000000000 -0.000000810810
258.900000000000 -0.000001261264
259.000000000000 -0.000001409821
259.100000000000 -0.000001971814
259.200000000000 -0.000002595288
259.300000000000 -0.000002903130
259.400000000000 -0.000003570051
259.500000000000 -0.000004365787
259.600000000000 -0.000004820167
259.700000000000 -0.000005558537
259.800000000000 -0.000006453894
259.900000000000 -0.000006946562
260.000000000000 -0.000007614107
260.100000000000 -0.000008439310
260.200000000000 -0.000008776109
260.300000000000 -0.000009153752
260.400000000000 -0.000009694195
260.500000000000 -0.000009678074
260.600000000000 -0.000009571035
260.700000000000 -0.000009669791
260.800000000000 -0.000009210040
260.900000000000 -0.000008558705
261.000000000000 -0.000008207396
261.100000000000 -0.000007390009
261.200000000000 -0.000006325764
261.300000000000 -0.000005689383
261.400000000000 -0.000004764778
261.500000000000 -0.000003574927
261.600000000000 -0.000002929453
261.700000000000 -0.000002213204
261.800000000000 -0.000001221602
261.900000000000 -0.000000824299
262.000000000000 -0.000000548698
262.100000000000 0.000000037949
262.200000000000 0.000000086364
262.300000000000 -0.000000102773
262.400000000000 0.000000095967
262.500000000000 -0.000000083921
262.600000000000 -0.000000532837
262.700000000000 -0.000000497790
262.800000000000 -0.000000631391
262.900000000000 -0.000001026079
263.000000000000 -0.000000876899
263.100000000000 -0.000000717249
263.200000000000 -0.000000841609
263.300000000000 -0.000000454038
263.400000000000 0.000000031974
263.500000000000 0.000000136313
263.600000000000 0.000000616818
263.700000000000 0.000001197641
263.800000000000 0.000001246530
263.900000000000 0.000001482298
264.000000000000 0.000001807039
264.100000000000 0.000001477889
264.200000000000 0.000001176450
264.300000000000 0.000001030069
264.400000000000 0.000000221164
264.500000000000 -0.000000632518
264.600000000000 -0.000001149438
264.700000000000 -0.000002197218
264.800000000000 -0.000003290893
264.900000000000 -0.000003801336
265.000000000000 -0.000004621867
265.100000000000 -0.000005495062
265.200000000000 -0.000005585597
265.300000000000 -0.000005767223
265.400000000000 -0.000006092208
265.500000000000 -0.000005581976
265.600000000000 -0.000005011219
265.700000000000 -0.000004774556
265.800000000000 -0.000003822549
265.900000000000 -0.000002727351
266.000000000000 -0.000002195095
266.100000000000 -0.000001184025
266.200000000000 0.000000031066
266.300000000000 0.000000513916
266.400000000000 0.000001213031
266.500000000000 0.000002200755
266.600000000000 0.000002415498
266.700000000000 0.000002625619
266.800000000000 0.000003237197
266.900000000000 0.000003167089
267.000000000000 0.000002931710
267.100000000000 0.000003203537
267.200000000000 0.000002967080
267.300000000000 0.000002449338
267.400000000000 0.000002495710
267.500000000000 0.000002227903
267.600000000000 0.000001588960
267.700000000000 0.000001506313
267.800000000000 0.000001286387
267.900000000000 0.000000627999
268.000000000000 0.000000468787
268.100000000000 0.000000324422
268.200000000000 -0.000000296802
268.300000000000 -0.000000497636
268.400000000000 -0.000000548516
268.500000000000 -0.000001082960
268.600000000000 -0.000001279989
268.700000000000 -0.000001203059
268.800000000000 -0.000001591439
268.900000000000 -0.000001730281
269.000000000000 -0.000001484927
269.100000000000 -0.000001672324
269.200000000000 -0.000001714426
269.300000000000 -0.000001284674
269.400000000000 -0.000001246585
269.500000000000 -0.000001192907
269.600000000000 -0.000000612101
269.700000000000 -0.000000370262
269.800000000000 -0.000000264660
269.900000000000 0.000000384953
270.000000000000 0.000000769945
270.100000000000 0.000000864195
270.200000000000 0.000001482606
270.300000000000 0.000001943754
270.400000000000 0.000001988014
270.500000000000 0.000002509154
270.600000000000 0.000003017059
270.700000000000 0.000003038788
270.800000000000 0.000003472241
270.900000000000 0.000004058034
271.000000000000 0.000004152149
271.100000000000 0.000004573610
271.200000000000 0.000005295817
271.300000000000 0.000005560008
271.400000000000 0.000006033439
271.500000000000 0.000006889573
271.600000000000 0.000007317579
271.700000000000 0.000007791258
271.800000000000 0.000008634864
271.900000000000 0.000009048695
272.000000000000 0.000009315555
272.100000000000 0.000009867567
272.200000000000 0.000009972679
272.300000000000 0.000009762913
272.400000000000 0.000009754302
272.500000000000 0.000009320970
272.600000000000 0.000008495092
272.700000000000 0.000007866958
272.800000000000 0.000006926512
272.900000000000 0.000005633837
273.000000000000 0.000004643214
273.100000000000 0.000003541522
273.200000000000 0.000002202338
273.300000000000 0.000001322306
273.400000000000 0.000000556303
273.500000000000 -0.000000355415
273.600000000000 -0.000000704943
273.700000000000 -0.000000778788
273.800000000000 -0.000001016514
273.900000000000 -0.000000730023
274.000000000000 -0.000000115652
274.100000000000 0.000000194759
274.200000000000 0.000000843195
274.300000000000 0.000001791233
274.400000000000 0.000002249908
274.500000000000 0.000002786799
274.600000000000 0.000003593753
274.700000000000 0.000003795586
274.800000000000 0.000003843815
274.900000000000 0.000004197701
275.000000000000 0.000003977729
275.100000000000 0.000003462311
275.200000000000 0.000003356766
275.300000000000 0.000002849978
275.400000000000 0.000001989581
275.500000000000 0.000001653121
275.600000000000 0.000001154547
275.700000000000 0.000000276766
275.800000000000 -0.000000028352
275.900000000000 -0.000000278911
276.000000000000 -0.000000949314
276.100000000000 -0.000001103643
276.200000000000 -0.000001060342
276.300000000000 -0.000001503315
276.400000000000 -0.000001576698
276.500000000000 -0.000001379810
276.600000000000 -0.000001736001
276.700000000000 -0.000001906339
276.800000000000 -0.000001765914
276.900000000000 -0.000002208004
277.000000000000 -0.000002630871
277.100000000000 -0.000002693635
277.200000000000 -0.000003305002
277.300000000000 -0.000004017417
277.400000000000 -0.000004291685
277.500000000000 -0.000005013450
277.600000000000 -0.000005912582
277.700000000000 -0.000006275692
277.800000000000 -0.000006933635
277.900000000000 -0.000007825363
278.000000000000 -0.000008094929
278.100000000000 -0.000008481272
278.200000000000 -0.000009165678
278.300000000000 -0.000009192907
278.400000000000 -0.000009159377
278.500000000000 -0.000009509363
278.600000000000 -0.000009246757
278.700000000000 -0.000008762714
278.800000000000 -0.000008756924
278.900000000000 -0.000008266238
279.000000000000 -0.000007414577
279.100000000000 -0.000007112466
279.200000000000 -0.000006514796
279.300000000000 -0.000005438197
279.400000000000 -0.000004925601
279.500000000000 -0.000004336801
279.600000000000 -0.000003182562
279.700000000000 -0.000002539042
279.800000000000 -0.000002043806
279.900000000000 -0.000000951027
280.000000000000 -0.000000266259
280.100000000000 0.000000055971
280.200000000000 0.000000933069
280.300000000000 0.000001524600
280.400000000000 0.000001568782
280.500000000000 0.000002057837
280.600000000000 0.000002389658
280.700000000000 0.000002053402
280.800000000000 0.000002029366
280.900000000000 0.000001993562
281.000000000000 0.000001272051
281.100000000000 0.000000765599
281.200000000000 0.000000425056
281.300000000000 -0.000000504916
281.400000000000 -0.000001253902
281.500000000000 -0.000001641307
281.600000000000 -0.000002450985
281.700000000000 -0.000003080627
281.800000000000 -0.000003188222
281.900000000000 -0.000003564070
282.000000000000 -0.000003796211
282.100000000000 -0.000003442177
282.200000000000 -0.000003288145
282.300000000000 -0.000003113664
282.400000000000 -0.000002404231
282.500000000000 -0.000001919272
282.600000000000 -0.000001611218
282.700000000000 -0.000000887460
282.800000000000 -0.000000436924
282.900000000000 -0.000000359861
283.000000000000 0.000000031009
283.100000000000 0.000000171149
283.200000000000 -0.000000173891
283.300000000000 -0.000000228659
283.400000000000 -0.000000389349
283.500000000000 -0.000001029858
283.600000000000 -0.000001335296
283.700000000000 -0.000001512416
283.800000000000 -0.000002087005
283.900000000000 -0.000002287052
284.000000000000 -0.000002130079
284.100000000000 -0.000002289397
284.200000000000 -0.000002121898
284.300000000000 -0.000001467157
284.400000000000 -0.000001106501
284.500000000000 -0.000000584209
284.600000000000 0.000000423478
284.700000000000 0.000001099951
284.800000000000 0.000001697402
284.900000000000 0.000002684865
285.000000000000 0.000003294260
285.100000000000 0.000003594236
285.200000000000 0.000004173426
285.300000000000 0.000004378674
285.400000000000 0.000004131844
285.500000000000 0.000004106868
285.600000000000 0.000003796211
285.700000000000 0.000003007854
285.800000000000 0.000002463004
285.900000000000 0.000001795138
286.000000000000 0.000000713935
286.100000000000 -0.000000046656
286.200000000000 -0.000000735751
286.300000000000 -0.000001746548
286.400000000000 -0.000002359414
286.500000000000 -0.000002725959
286.600000000000 -0.000003359277
286.700000000000 -0.000003575301
286.800000000000 -0.000003425904
286.900000000000 -0.000003558211
287.000000000000 -0.000003345045
287.100000000000 -0.000002708362
287.200000000000 -0.000002423877
287.300000000000 -0.000001949882
287.400000000000 -0.000001030920
287.500000000000 -0.000000536297
287.600000000000 -0.000000050970
287.700000000000 0.000000898697
287.800000000000 0.000001412652
287.900000000000 0.000001725666
288.000000000000 0.000002536973
288.100000000000 0.000002995039
288.200000000000 0.000003097994
288.300000000000 0.000003729922
288.400000000000 0.000004169500
288.500000000000 0.000004138375
288.600000000000 0.000004622483
288.700000000000 0.000005104026
288.800000000000 0.000005026383
288.900000000000 0.000005375050
289.000000000000 0.000005892845
289.100000000000 0.000005791808
289.200000000000 0.000005961438
289.300000000000 0.000006437284
289.400000000000 0.000006285930
289.500000000000 0.000006227553
289.600000000000 0.000006587742
289.700000000000 0.000006385666
289.800000000000 0.000006122982
289.900000000000 0.000006373906
290.000000000000 0.000006192478
290.100000000000 0.000005832901
290.200000000000 0.000006047951
290.300000000000 0.000005981080
290.400000000000 0.000005629556
290.500000000000 0.000005849313
290.600000000000 0.000005908195
290.700000000000 0.000005559163
290.800000000000 0.000005703944
290.900000000000 0.000005767014
291.000000000000 0.000005290334
291.100000000000 0.000005188988
291.200000000000 0.000005082113
291.300000000000 0.000004343797
291.400000000000 0.000003879802
291.500000000000 0.000003540679
291.600000000000 0.000002570384
291.700000000000 0.000001827374
291.800000000000 0.000001413804
291.900000000000 0.000000469199
292.000000000000 -0.000000262525
292.100000000000 -0.000000433681
292.200000000000 -0.000000985338
292.300000000000 -0.000001374285
292.400000000000 -0.000001036839
292.500000000000 -0.000000951827
292.600000000000 -0.000000852388
292.700000000000 -0.000000001833
292.800000000000 0.000000659326
292.900000000000 0.000001086238
293.000000000000 0.000002138898
293.100000000000 0.000003017221
293.200000000000 0.000003382170
293.300000000000 0.000004159552
293.400000000000 0.000004789414
293.500000000000 0.000004699883
293.600000000000 0.000004813674
293.700000000000 0.000004873967
293.800000000000 0.000004159030
293.900000000000 0.000003511100
294.000000000000 0.000002981700
294.100000000000 0.000001781110
294.200000000000 0.000000598099
294.300000000000 -0.000000257653
294.400000000000 -0.000001578223
294.500000000000 -0.000002879656
294.600000000000 -0.000003676915
294.700000000000 -0.000004720726
294.800000000000 -0.000005749574
294.900000000000 -0.000006187334
295.000000000000 -0.000006719230
295.100000000000 -0.000007289706
295.200000000000 -0.000007290942
295.300000000000 -0.000007330318
295.400000000000 -0.000007518842
295.500000000000 -0.000007239661
295.600000000000 -0.000007012398
295.700000000000 -0.000007070310
295.800000000000 -0.000006779980
295.900000000000 -0.000006559501
296.000000000000 -0.000006733287
296.100000000000 -0.000006635067
296.200000000000 -0.000006563783
296.300000000000 -0.000006928013
296.400000000000 -0.000007029180
296.500000000000 -0.000007030166
296.600000000000 -0.000007438216
296.700000000000 -0.000007555196
296.800000000000 -0.000007395598
296.900000000000 -0.000007583857
297.000000000000 -0.000007482980
297.100000000000 -0.000006950957
297.200000000000 -0.000006727200
297.300000000000 -0.000006303438
297.400000000000 -0.000005375283
297.500000000000 -0.000004757024
297.600000000000 -0.000004119633
297.700000000000 -0.000002995363
297.800000000000 -0.000002198759
297.900000000000 -0.000001601464
298.000000000000 -0.000000585697
298.100000000000 0.000000118762
298.200000000000 0.000000443180
298.300000000000 0.000001118241
298.400000000000 0.000001564351
298.500000000000 0.000001532243
298.600000000000 0.000001805980
298.700000000000 0.000001985401
298.800000000000 0.000001662103
298.900000000000 0.000001607845
299.000000000000 0.000001600870
299.100000000000 0.000001099569
299.200000000000 0.000000813390
299.300000000000 0.000000687852
299.400000000000 0.000000080153
299.500000000000 -0.000000386058
299.600000000000 -0.000000602078
299.700000000000 -0.000001277919
299.800000000000 -0.000001882202
299.900000000000 -0.000002137744
