0.293994428806 0.000879651004 0.000009577220 0.000879703138
0.294362184524 0.000883208127 0.000009695413 0.000883261341
0.294729940243 0.000886809109 0.000009815823 0.000886863432
0.295097695962 0.000890454774 0.000009938505 0.000890510235
0.295465451680 0.000894145966 0.000010063517 0.000894202596
0.295833207399 0.000897883553 0.000010190919 0.000897941384
0.296200963118 0.000901668424 0.000010320772 0.000901727489
0.296568718836 0.000905501490 0.000010453141 0.000905561824
0.296936474555 0.000909383688 0.000010588090 0.000909445325
0.297304230274 0.000913315978 0.000010725688 0.000913378955
0.297671985992 0.000917299345 0.000010866005 0.000917363700
0.298039741711 0.000921334801 0.000011009113 0.000921400573
0.298407497430 0.000925423384 0.000011155087 0.000925490614
0.298775253148 0.000929566163 0.000011304005 0.000929634891
0.299143008867 0.000933764230 0.000011455946 0.000933834502
0.299510764586 0.000938018713 0.000011610993 0.000938090572
0.299878520304 0.000942330768 0.000011769232 0.000942404261
0.300246276023 0.000946701581 0.000011930752 0.000946776757
0.300614031742 0.000951132376 0.000012095643 0.000951209283
0.300981787460 0.000955624406 0.000012264002 0.000955703098
0.301349543179 0.000960178963 0.000012435926 0.000960259492
0.301717298898 0.000964797373 0.000012611516 0.000964879797
0.302085054616 0.000969481004 0.000012790880 0.000969565379
0.302452810335 0.000974231258 0.000012974125 0.000974317645
0.302820566053 0.000979049583 0.000013161364 0.000979138043
0.303188321772 0.000983937464 0.000013352716 0.000984028063
0.303556077491 0.000988896435 0.000013548302 0.000988989239
0.303923833209 0.000993928072 0.000013748249 0.000994023152
0.304291588928 0.000999033998 0.000013952686 0.000999131426
0.304659344647 0.001004215888 0.000014161751 0.001004315740
0.305027100365 0.001009475465 0.000014375584 0.001009577819
0.305394856084 0.001014814505 0.000014594332 0.001014919442
0.305762611803 0.001020234840 0.000014818147 0.001020342446
0.306130367521 0.001025738358 0.000015047187 0.001025848720
0.306498123240 0.001031327005 0.000015281617 0.001031440216
0.306865878959 0.001037002791 0.000015521608 0.001037118946
0.307233634677 0.001042767787 0.000015767337 0.001042886987
0.307601390396 0.001048624134 0.000016018989 0.001048746481
0.307969146115 0.001054574037 0.000016276757 0.001054699641
0.308336901833 0.001060619778 0.000016540841 0.001060748751
0.308704657552 0.001066763711 0.000016811449 0.001066896171
0.309072413271 0.001073008268 0.000017088799 0.001073144338
0.309440168989 0.001079355963 0.000017373117 0.001079495772
0.309807924708 0.001085809395 0.000017664640 0.001085953075
0.310175680427 0.001092371249 0.000017963612 0.001092518942
0.310543436145 0.001099044305 0.000018270291 0.001099196156
0.310911191864 0.001105831437 0.000018584944 0.001105987598
0.311278947583 0.001112735619 0.000018907851 0.001112896251
0.311646703301 0.001119759930 0.000019239303 0.001119925199
0.312014459020 0.001126907559 0.000019579606 0.001127077640
0.312382214739 0.001134181807 0.000019929078 0.001134356883
0.312749970457 0.001141586095 0.000020288052 0.001141766359
0.313117726176 0.001149123971 0.000020656876 0.001149309622
0.313485481895 0.001156799108 0.000021035914 0.001156990357
0.313853237613 0.001164615321 0.000021425548 0.001164812388
0.314220993332 0.001172576564 0.000021826177 0.001172779681
0.314588749051 0.001180686941 0.000022238219 0.001180896350
0.314956504769 0.001188950713 0.000022662113 0.001189166670
0.315324260488 0.001197372306 0.000023098319 0.001197595079
0.315692016207 0.001205956317 0.000023547318 0.001206186186
0.316059771925 0.001214707523 0.000024009615 0.001214944784
0.316427527644 0.001223630891 0.000024485744 0.001223875855
0.316795283363 0.001232731587 0.000024976261 0.001232984582
0.317163039081 0.001242014986 0.000025481752 0.001242276356
0.317530794800 0.001251486682 0.000026002834 0.001251756790
0.317898550519 0.001261152500 0.000026540157 0.001261431730
0.318266306237 0.001271018510 0.000027094401 0.001271307264
0.318634061956 0.001281091033 0.000027666287 0.001281389738
0.319001817675 0.001291376665 0.000028256572 0.001291685769
0.319369573393 0.001301882282 0.000028866054 0.001302202260
0.319737329112 0.001312615061 0.000029495576 0.001312946414
0.320105084831 0.001323582493 0.000030146026 0.001323925752
0.320472840549 0.001334792403 0.000030818343 0.001335148130
0.320840596268 0.001346252970 0.000031513520 0.001346621759
0.321208351987 0.001357972742 0.000032232605 0.001358355222
0.321576107705 0.001369960662 0.000032976708 0.001370357500
0.321943863424 0.001382226088 0.000033747004 0.001382637992
0.322311619143 0.001394778819 0.000034544738 0.001395206541
0.322679374861 0.001407629122 0.000035371229 0.001408073460
0.323047130580 0.001420787757 0.000036227876 0.001421249560
0.323414886299 0.001434266012 0.000037116167 0.001434746180
0.323782642017 0.001448075728 0.000038037678 0.001448575224
0.324150397736 0.001462229343 0.000038994088 0.001462749190
0.324518153455 0.001476739923 0.000039987182 0.001477281210
0.324885909173 0.001491621201 0.000041018861 0.001492185094
0.325253664892 0.001506887629 0.000042091151 0.001507475371
0.325621420611 0.001522554416 0.000043206212 0.001523167334
0.325989176329 0.001538637583 0.000044366349 0.001539277098
0.326356932048 0.001555154016 0.000045574025 0.001555821650
0.326724687767 0.001572121527 0.000046831873 0.001572818909
0.327092443485 0.001589558916 0.000048142711 0.001590287794
0.327460199204 0.001607486043 0.000049509558 0.001608248294
0.327827954923 0.001625923900 0.000050935650 0.001626721540
0.328195710641 0.001644894697 0.000052424461 0.001645729896
0.328563466360 0.001664421949 0.000053979720 0.001665297041
0.328931222079 0.001684530571 0.000055605442 0.001685448074
0.329298977797 0.001705246989 0.000057305945 0.001706209619
0.329666733516 0.001726599251 0.000059085884 0.001727609943
0.330034489235 0.001748617155 0.000060950282 0.001749679083
0.330402244953 0.001771332389 0.000062904565 0.001772448989
0.330770000672 0.001794778681 0.000064954597 0.001795953678
0.331137756391 0.001818991963 0.000067106732 0.001820229401
0.331505512109 0.001844010557 0.000069367856 0.001845314834
0.331873267828 0.001869875378 0.000071745442 0.001871251276
0.332241023547 0.001896630148 0.000074247614 0.001898082882
0.332608779265 0.001924321648 0.000076883212 0.001925856909
0.332976534984 0.001952999982 0.000079661871 0.001954623991
0.333344290703 0.001982718877 0.000082594103 0.001984438442
0.333712046421 0.002013536008 0.000085691398 0.002015358596
0.334079802140 0.002045513359 0.000088966325 0.002047447169
0.334447557859 0.002078717617 0.000092432664 0.002080771667
0.334815313577 0.002113220593 0.000096105539 0.002115404819
0.335183069296 0.002149099663 0.000100001600 0.002151425035
0.335550825015 0.002186438210 0.000104139269 0.002188916863
0.335918580733 0.002225326019 0.000108539175 0.002227971419
0.336286336452 0.002265859725 0.000113225131 0.002268686894
0.336654092171 0.002308144133 0.000118226327 0.002311170007
0.337021847889 0.002352297805 0.000123579728 0.002355541745
0.337389603608 0.002398462625 0.000129322056 0.002401946535
0.337757359326 0.002446791085 0.000135472765 0.002450538611
0.338125115045 0.002497425167 0.000142054593 0.002501461967
0.338492870764 0.002550518598 0.000149113450 0.002554873762
0.338860626482 0.002606251174 0.000156705392 0.002610958016
0.339228382201 0.002664825411 0.000164890247 0.002669921959
0.339596137920 0.002726465329 0.000173733242 0.002731994954
0.339963893638 0.002791418420 0.000183307407 0.002797430679
0.340331649357 0.002859958869 0.000193695626 0.002866510549
0.340699405076 0.002932391411 0.000204992647 0.002939547818
0.341067160794 0.003009055828 0.000217307320 0.003016892349
0.341434916513 0.003090332183 0.000230765247 0.003098936204
0.341802672232 0.003176646979 0.000245511976 0.003186120236
0.342170427950 0.003268480448 0.000261716928 0.003278941931
0.342538183669 0.003366375216 0.000279578237 0.003377964785
0.342905939388 0.003470946682 0.000299328773 0.003483829586
0.343273695106 0.003582895501 0.000321243683 0.003597268085
0.343641450825 0.003703022686 0.000345649912 0.003719119637
0.344009206544 0.003832247982 0.000372938305 0.003850351617
0.344376962262 0.003971632364 0.000403579133 0.003992084637
0.344744717981 0.004122405733 0.000438142180 0.004145623910
0.345112473700 0.004286001261 0.000477322982 0.004312498584
0.345480229418 0.004464098239 0.000521977458 0.004494511492
0.345847985137 0.004658675928 0.000573168126 0.004693802627
0.346215740856 0.004872081699 0.000632226519 0.004912930944
0.346583496574 0.005107117886 0.000700838555 0.005154980871
0.346951252293 0.005367153236 0.000781162986 0.005423702561
0.347319008012 0.005656266896 0.000875998197 0.005723698808
0.347686763730 0.005979435428 0.000989021046 0.006060677410
0.348054519449 0.006342776639 0.001125135036 0.006441796670
0.348422275168 0.006753867537 0.001290987901 0.006876145466
0.348790030886 0.007222156363 0.001495757684 0.007375420908
0.349157786605 0.007759486344 0.001752374600 0.007954900694
0.349525542324 0.008380730622 0.002079468518 0.008634861613
0.349893298042 0.009104473016 0.002504556954 0.009442681528
0.350261053761 0.009953473570 0.003069409479 0.010415993023
0.350628809480 0.010954093880 0.003839316129 0.011607433871
0.350996565198 0.012132241725 0.004919433512 0.013091681151
0.351364320917 0.013498724954 0.006483681540 0.014975102728
0.351732076636 0.015003385437 0.008823217374 0.017405480154
0.352099832354 0.016400295112 0.012408831259 0.020565718392
0.352467588073 0.016890588368 0.017861959244 0.024583359482
0.352835343792 0.014478383827 0.025297963816 0.029148080065
0.353203099510 0.006462531558 0.032031070280 0.032676501915
0.353570855229 -0.005346387191 0.032198641707 0.032639491169
0.353938610948 -0.013603224715 0.025613982589 0.029002134865
0.354306366666 -0.016192542249 0.018125405713 0.024304912193
0.354674122385 -0.015769884908 0.012587058956 0.020177297222
0.355041878104 -0.014388423789 0.008939187935 0.016939180029
0.355409633822 -0.012881407256 0.006560333425 0.014455747215
0.355777389541 -0.011507876957 0.004971696611 0.012535908394
0.356145145260 -0.010322308424 0.003876152622 0.011026087717
0.356512900978 -0.009315126639 0.003096189963 0.009816209889
0.356880656697 -0.008460639294 0.002524572769 0.008829262989
0.357248412416 -0.007732391866 0.002094796742 0.008011120855
0.357616168134 -0.007107460683 0.001764365943 0.007323181313
0.357983923853 -0.006567103207 0.001505315817 0.006737419406
0.358351679572 -0.006096312560 0.001298733391 0.006233116014
0.358719435290 -0.005683138478 0.001131504234 0.005794684184
0.359087191009 -0.005318048739 0.000994327382 0.005410206035
0.359454946728 -0.004993400819 0.000880471174 0.005070432056
0.359822702446 -0.004703025759 0.000784973592 0.004768085028
0.360190458165 -0.004441906884 0.000704116192 0.004497367717
0.360558213884 -0.004205933399 0.000635070518 0.004253609094
0.360925969602 -0.003991711410 0.000575655728 0.004033006260
0.361293725321 -0.003796418459 0.000524169435 0.003832433524
0.361661481040 -0.003617690951 0.000479267669 0.003649299291
0.362029236758 -0.003453536452 0.000439878398 0.003481437495
0.362396992477 -0.003302264899 0.000405138347 0.003327024277
0.362764748196 -0.003162434256 0.000374346229 0.003184513389
0.363132503914 -0.003032807280 0.000346927724 0.003052585599
0.363500259633 -0.002912316880 0.000322408944 0.002930108725
0.363868015352 -0.002800038190 0.000300396138 0.002816105769
0.364235771070 -0.002695165884 0.000280560009 0.002709729333
0.364603526789 -0.002596995664 0.000262623485 0.002610240904
0.364971282508 -0.002504909043 0.000246352114 0.002516993977
0.365339038226 -0.002418360771 0.000231546448 0.002429420214
0.365706793945 -0.002336868389 0.000218035968 0.002347018013
0.366074549664 -0.002260003514 0.000205674200 0.002269343024
0.366442305382 -0.002187384517 0.000194334769 0.002196000234
0.366810061101 -0.002118670356 0.000183908180 0.002126637321
0.367177816820 -0.002053555351 0.000174299190 0.002060939055
0.367545572538 -0.001991764745 0.000165424643 0.001998622553
0.367913328257 -0.001933050907 0.000157211673 0.001939433247
0.368281083976 -0.001877190087 0.000149596222 0.001883141432
0.368648839694 -0.001823979613 0.000142521790 0.001829539311
0.369016595413 -0.001773235482 0.000135938390 0.001778438450
0.369384351132 -0.001724790265 0.000129801672 0.001729667578
0.369752106850 -0.001678491290 0.000124072177 0.001683070680
0.370119862569 -0.001634199058 0.000118714703 0.001638505338
0.370487618288 -0.001591785858 0.000113697768 0.001595841283
0.370855374006 -0.001551134552 0.000108993146 0.001554959133
0.371223129725 -0.001512137505 0.000104575474 0.001515749275
0.371590885443 -0.001474695644 0.000100421910 0.001478110890
0.371958641162 -0.001438717629 0.000096511838 0.001441951092
0.372326396881 -0.001404119110 0.000092826615 0.001407184159
0.372694152599 -0.001370822078 0.000089349344 0.001373730859
0.373061908318 -0.001338754276 0.000086064687 0.001341517850
0.373429664037 -0.001307848687 0.000082958693 0.001310477139
0.373797419755 -0.001278043061 0.000080018651 0.001280545606
0.374165175474 -0.001249279506 0.000077232958 0.001251664577
0.374532931193 -0.001221504110 0.000074591009 0.001223779437
0.374900686911 -0.001194666607 0.000072083093 0.001196839285
0.375268442630 -0.001168720076 0.000069700304 0.001170796629
0.375636198349 -0.001143620662 0.000067434465 0.001145607100
0.376003954067 -0.001119327340 0.000065278055 0.001121229200
0.376371709786 -0.001095801682 0.000063224147 0.001097624079
0.376739465505 -0.001073007658 0.000061266355 0.001074755321
0.377107221223 -0.001050911453 0.000059398780 0.001052588760
0.377474976942 -0.001029481301 0.000057615970 0.001031092309
0.377842732661 -0.001008687327 0.000055912878 0.001010235801
0.378210488379 -0.000988501415 0.000054284828 0.000989990854
0.378578244098 -0.000968897077 0.000052727481 0.000970330734
0.378945999817 -0.000949849336 0.000051236806 0.000951230241
0.379313755535 -0.000931334623 0.000049809057 0.000932665600
0.379681511254 -0.000913330679 0.000048440746 0.000914614364
0.380049266973 -0.000895816462 0.000047128624 0.000897055316
0.380417022691 -0.000878772069 0.000045869660 0.000879968394
0.380784778410 -0.000862178658 0.000044661025 0.000863334608
0.381152534129 -0.000846018379 0.000043500077 0.000847135971
0.381520289847 -0.000830274308 0.000042384344 0.000831355435
0.381888045566 -0.000814930391 0.000041311511 0.000815976827
0.382255801285 -0.000799971385 0.000040279410 0.000800984799
0.382623557003 -0.000785382813 0.000039286010 0.000786364771
0.382991312722 -0.000771150909 0.000038329402 0.000772102887
0.383359068441 -0.000757262582 0.000037407796 0.000758185967
0.383726824159 -0.000743705370 0.000036519507 0.000744601472
0.384094579878 -0.000730467406 0.000035662952 0.000731337458
0.384462335597 -0.000717537381 0.000034836641 0.000718382548
0.384830091315 -0.000704904515 0.000034039169 0.000705725896
0.385197847034 -0.000692558519 0.000033269212 0.000693357154
0.385565602753 -0.000680489577 0.000032525522 0.000681266449
0.385933358471 -0.000668688313 0.000031806921 0.000669444351
0.386301114190 -0.000657145765 0.000031112295 0.000657881853
0.386668869909 -0.000645853371 0.000030440592 0.000646570341
0.387036625627 -0.000634802936 0.000029790817 0.000635501582
0.387404381346 -0.000623986621 0.000029162028 0.000624667694
0.387772137065 -0.000613396921 0.000028553334 0.000614061133
0.388139892783 -0.000603026645 0.000027963891 0.000603674676
0.388507648502 -0.000592868905 0.000027392896 0.000593501398
0.388875404221 -0.000582917095 0.000026839591 0.000583534663
0.389243159939 -0.000573164879 0.000026303255 0.000573768106
0.389610915658 -0.000563606178 0.000025783203 0.000564195620
0.389978671377 -0.000554235158 0.000025278784 0.000554811344
0.390346427095 -0.000545046213 0.000024789381 0.000545609648
0.390714182814 -0.000536033959 0.000024314406 0.000536585125
0.391081938533 -0.000527193222 0.000023853298 0.000527732577
0.391449694251 -0.000518519025 0.000023405526 0.000519047009
0.391817449970 -0.000510006583 0.000022970582 0.000510523616
0.392185205689 -0.000501651290 0.000022547984 0.000502157772
0.392552961407 -0.000493448714 0.000022137269 0.000493945029
0.392920717126 -0.000485394585 0.000021737998 0.000485881101
0.393288472845 -0.000477484794 0.000021349753 0.000477961861
0.393656228563 -0.000469715377 0.000020972133 0.000470183332
0.394023984282 -0.000462082516 0.000020604755 0.000462541682
0.394391740001 -0.000454582527 0.000020247255 0.000455033214
0.394759495719 -0.000447211860 0.000019899283 0.000447654364
0.395127251438 -0.000439967087 0.000019560505 0.000440401693
0.395495007157 -0.000432844899 0.000019230603 0.000433271881
0.395862762875 -0.000425842104 0.000018909270 0.000426261725
0.396230518594 -0.000418955617 0.000018596213 0.000419368130
0.396598274313 -0.000412182458 0.000018291154 0.000412588105
0.396966030031 -0.000405519747 0.000017993823 0.000405918764
0.397333785750 -0.000398964701 0.000017703964 0.000399357313
0.397701541469 -0.000392514630 0.000017421329 0.000392901053
0.398069297187 -0.000386166929 0.000017145683 0.000386547373
0.398437052906 -0.000379919080 0.000016876797 0.000380293747
0.398804808625 -0.000373768647 0.000016614456 0.000374137731
0.399172564343 -0.000367713271 0.000016358449 0.000368076960
0.399540320062 -0.000361750667 0.000016108575 0.000362109143
0.399908075781 -0.000355878625 0.000015864643 0.000356232062
0.400275831499 -0.000350094999 0.000015626467 0.000350443569
0.400643587218 -0.000344397716 0.000015393867 0.000344741581
0.401011342937 -0.000338784761 0.000015166675 0.000339124081
0.401379098655 -0.000333254185 0.000014944723 0.000333589113
0.401746854374 -0.000327804095 0.000014727855 0.000328134781
0.402114610093 -0.000322432657 0.000014515916 0.000322759245
0.402482365811 -0.000317138090 0.000014308762 0.000317460720
0.402850121530 -0.000311918668 0.000014106249 0.000312237476
0.403217877249 -0.000306772713 0.000013908242 0.000307087832
0.403585632967 -0.000301698599 0.000013714610 0.000302010157
0.403953388686 -0.000296694745 0.000013525225 0.000297002868
0.404321144405 -0.000291759616 0.000013339967 0.000292064425
0.404688900123 -0.000286891722 0.000013158717 0.000287193335
0.405056655842 -0.000282089613 0.000012981362 0.000282388147
0.405424411561 -0.000277351882 0.000012807792 0.000277647449
0.405792167279 -0.000272677161 0.000012637903 0.000272969871
0.406159922998 -0.000268064118 0.000012471591 0.000268354080
0.406527678716 -0.000263511461 0.000012308759 0.000263798779
0.406895434435 -0.000259017931 0.000012149311 0.000259302708
0.407263190154 -0.000254582303 0.000011993155 0.000254864640
0.407630945872 -0.000250203388 0.000011840204 0.000250483384
0.407998701591 -0.000245880025 0.000011690370 0.000246157778
0.408366457310 -0.000241611087 0.000011543572 0.000241886691
0.408734213028 -0.000237395475 0.000011399728 0.000237669025
0.409101968747 -0.000233232121 0.000011258762 0.000233503708
0.409469724466 -0.000229119982 0.000011120599 0.000229389698
0.409837480184 -0.000225058044 0.000010985165 0.000225325979
0.410205235903 -0.000221045319 0.000010852391 0.000221311562
0.410572991622 -0.000217080843 0.000010722208 0.000217345482
0.410940747340 -0.000213163680 0.000010594552 0.000213426800
0.411308503059 -0.000209292913 0.000010469358 0.000209554601
0.411676258778 -0.000205467651 0.000010346564 0.000205727993
0.412044014496 -0.000201687025 0.000010226111 0.000201946105
0.412411770215 -0.000197950187 0.000010107940 0.000198208090
0.412779525934 -0.000194256309 0.000009991996 0.000194513119
0.413147281652 -0.000190604585 0.000009878225 0.000190860386
0.413515037371 -0.000186994228 0.000009766573 0.000187249105
0.413882793090 -0.000183424470 0.000009656989 0.000183678506
0.414250548808 -0.000179894561 0.000009549424 0.000180147841
0.414618304527 -0.000176403770 0.000009443829 0.000176656378
0.414986060246 -0.000172951382 0.000009340158 0.000173203404
0.415353815964 -0.000169536700 0.000009238366 0.000169788221
0.415721571683 -0.000166159043 0.000009138408 0.000166410150
0.416089327402 -0.000162817746 0.000009040242 0.000163068527
0.416457083120 -0.000159512159 0.000008943826 0.000159762702
0.416824838839 -0.000156241647 0.000008849121 0.000156492042
0.417192594558 -0.000153005590 0.000008756086 0.000153255928
0.417560350276 -0.000149803382 0.000008664685 0.000150053757
0.417928105995 -0.000146634431 0.000008574880 0.000146884938
0.418295861714 -0.000143498157 0.000008486635 0.000143748893
0.418663617432 -0.000140393996 0.000008399915 0.000140645059
0.419031373151 -0.000137321392 0.000008314687 0.000137572885
0.419399128870 -0.000134279805 0.000008230918 0.000134531833
0.419766884588 -0.000131268706 0.000008148575 0.000131521377
0.420134640307 -0.000128287578 0.000008067628 0.000128541002
0.420502396026 -0.000125335912 0.000007988046 0.000125590206
0.420870151744 -0.000122413215 0.000007909800 0.000122668497
0.421237907463 -0.000119519002 0.000007832861 0.000119775396
0.421605663182 -0.000116652797 0.000007757201 0.000116910432
0.421973418900 -0.000113814137 0.000007682794 0.000114073148
0.422341174619 -0.000111002566 0.000007609611 0.000111263093
0.422708930338 -0.000108217641 0.000007537629 0.000108479831
0.423076686056 -0.000105458925 0.000007466822 0.000105722932
0.423444441775 -0.000102725993 0.000007397165 0.000102991978
0.423812197494 -0.000100018425 0.000007328635 0.000100286560
0.424179953212 -0.000097335813 0.000007261208 0.000097606279
0.424547708931 -0.000094677756 0.000007194863 0.000094950743
0.424915464650 -0.000092043862 0.000007129576 0.000092319573
0.425283220368 -0.000089433747 0.000007065328 0.000089712395
0.425650976087 -0.000086847032 0.000007002096 0.000087128849
0.426018731806 -0.000084283348 0.000006939861 0.000084568579
0.426386487524 -0.000081742335 0.000006878603 0.000082031241
0.426754243243 -0.000079223636 0.000006818302 0.000079516500
0.427121998962 -0.000076726905 0.000006758940 0.000077024030
0.427489754680 -0.000074251800 0.000006700498 0.000074553514
0.427857510399 -0.000071797986 0.000006642958 0.000072104644
0.428225266118 -0.000069365137 0.000006586304 0.000069677124
0.428593021836 -0.000066952930 0.000006530517 0.000067270666
0.428960777555 -0.000064561051 0.000006475581 0.000064884994
0.429328533274 -0.000062189189 0.000006421481 0.000062519842
0.429696288992 -0.000059837042 0.000006368200 0.000060174958
0.430064044711 -0.000057504312 0.000006315723 0.000057850101
0.430431800430 -0.000055190707 0.000006264035 0.000055545047
0.430799556148 -0.000052895939 0.000006213120 0.000053259584
0.431167311867 -0.000050619729 0.000006162966 0.000050993521
0.431535067586 -0.000048361800 0.000006113557 0.000048746685
0.431902823304 -0.000046121881 0.000006064880 0.000046518929
0.432270579023 -0.000043899707 0.000006016922 0.000044310130
0.432638334742 -0.000041695015 0.000005969670 0.000042120200
0.433006090460 -0.000039507550 0.000005923111 0.000039949089
0.433373846179 -0.000037337059 0.000005877232 0.000037796797
0.433741601898 -0.000035183297 0.000005832021 0.000035663382
0.434109357616 -0.000033046019 0.000005787467 0.000033548982
0.434477113335 -0.000030924989 0.000005743558 0.000031453829
0.434844869054 -0.000028819970 0.000005700283 0.000029378290
0.435212624772 -0.000026730734 0.000005657630 0.000027322901
0.435580380491 -0.000024657054 0.000005615589 0.000025288439
0.435948136210 -0.000022598708 0.000005574150 0.000023276012
0.436315891928 -0.000020555478 0.000005533301 0.000021287205
0.436683647647 -0.000018527150 0.000005493033 0.000019324303
0.437051403366 -0.000016513512 0.000005453337 0.000017390658
0.437419159084 -0.000014514358 0.000005414202 0.000015491294
0.437786914803 -0.000012529484 0.000005375619 0.000013633974
0.438154670522 -0.000010558690 0.000005337579 0.000011831132
0.438522426240 -0.000008601779 0.000005300074 0.000010103533
0.438890181959 -0.000006658557 0.000005263094 0.000008487434
0.439257937678 -0.000004728835 0.000005226631 0.000007048372
0.439625693396 -0.000002812425 0.000005190677 0.000005903631
0.439993449115 -0.000000909143 0.000005155224 0.000005234776
0.440361204834 0.000000981192 0.000005120264 0.000005213429
0.440728960552 0.000002858757 0.000005085789 0.000005834188
0.441096716271 0.000004723727 0.000005051793 0.000006916228
0.441464471989 0.000006576276 0.000005018268 0.000008272268
0.441832227708 0.000008416571 0.000004985206 0.000009782176
0.442199983427 0.000010244781 0.000004952603 0.000011379095
0.442567739145 0.000012061068 0.000004920451 0.000013026135
0.442935494864 0.000013865595 0.000004888744 0.000014702195
0.443303250583 0.000015658519 0.000004857476 0.000016394642
0.443671006301 0.000017439997 0.000004826643 0.000018095579
0.444038762020 0.000019210182 0.000004796239 0.000019799874
0.444406517739 0.000020969226 0.000004766260 0.000021504085
0.444774273457 0.000022717277 0.000004736703 0.000023205841
0.445142029176 0.000024454482 0.000004707563 0.000024903470
0.445509784895 0.000026180983 0.000004678840 0.000026595778
0.445877540613 0.000027896921 0.000004650531 0.000028281896
0.446245296332 0.000029602436 0.000004622638 0.000029961191
0.446613052051 0.000031297661 0.000004595162 0.000031633196
0.446980807769 0.000032982728 0.000004568108 0.000033297566
0.447348563488 0.000034657764 0.000004541486 0.000034954051
0.447716319207 0.000036322891 0.000004515309 0.000036602465
0.448084074925 0.000037978223 0.000004489599 0.000038242671
0.448451830644 0.000039623859 0.000004464390 0.000039874565
0.448819586363 0.000041259875 0.000004439731 0.000041498055
0.449187342081 0.000042886306 0.000004415700 0.000043113034
0.449555097800 0.000044503092 0.000004392410 0.000044719330
0.449922853519 0.000046109963 0.000004370001 0.000046316580
0.450290609237 0.000047706145 0.000004348508 0.000047903923
0.450658364956 0.000049289799 0.000004326980 0.000049479360
0.451026120675 0.000050859321 0.000004299883 0.000051040763
0.451393876393 0.000052426065 0.000004259722 0.000052598836
0.451761632112 0.000054000400 0.000004224021 0.000054165354
0.452129387831 0.000055566380 0.000004199656 0.000055724857
0.452497143549 0.000057119840 0.000004178772 0.000057272491
0.452864899268 0.000058662628 0.000004158413 0.000058809832
0.453232654987 0.000060196069 0.000004138036 0.000060338131
0.453600410705 0.000061720855 0.000004117620 0.000061858053
0.453968166424 0.000063237371 0.000004097227 0.000063369964
0.454335922143 0.000064745866 0.000004076915 0.000064874096
0.454703677861 0.000066246520 0.000004056727 0.000066370614
0.455071433580 0.000067739479 0.000004036697 0.000067859648
0.455439189299 0.000069224868 0.000004016845 0.000069341311
0.455806945017 0.000070702804 0.000003997186 0.000070815704
0.456174700736 0.000072173393 0.000003977730 0.000072282923
0.456542456455 0.000073636737 0.000003958485 0.000073743058
0.456910212173 0.000075092935 0.000003939455 0.000075196198
0.457277967892 0.000076542083 0.000003920643 0.000076642429
0.457645723611 0.000077984274 0.000003902051 0.000078081836
0.458013479329 0.000079419600 0.000003883679 0.000079514501
0.458381235048 0.000080848150 0.000003865528 0.000080940507
0.458748990767 0.000082270012 0.000003847596 0.000082359935
0.459116746485 0.000083685273 0.000003829883 0.000083772865
0.459484502204 0.000085094019 0.000003812388 0.000085179378
0.459852257923 0.000086496334 0.000003795110 0.000086579551
0.460220013641 0.000087892301 0.000003778045 0.000087973463
0.460587769360 0.000089282001 0.000003761194 0.000089361190
0.460955525079 0.000090665516 0.000003744554 0.000090742810
0.461323280797 0.000092042926 0.000003728123 0.000092118397
0.461691036516 0.000093414308 0.000003711899 0.000093488027
0.462058792235 0.000094779742 0.000003695880 0.000094851774
0.462426547953 0.000096139302 0.000003680064 0.000096209710
0.462794303672 0.000097493066 0.000003664450 0.000097561909
0.463162059391 0.000098841108 0.000003649034 0.000098908443
0.463529815109 0.000100183502 0.000003633815 0.000100249383
0.463897570828 0.000101520322 0.000003618791 0.000101584799
0.464265326547 0.000102851638 0.000003603960 0.000102914761
0.464633082265 0.000104177523 0.000003589319 0.000104239337
0.465000837984 0.000105498046 0.000003574867 0.000105558597
0.465368593703 0.000106813278 0.000003560602 0.000106872608
0.465736349421 0.000108123288 0.000003546522 0.000108181436
0.466104105140 0.000109428142 0.000003532624 0.000109485149
0.466471860859 0.000110727910 0.000003518907 0.000110783810
0.466839616577 0.000112022656 0.000003505370 0.000112077487
0.467207372296 0.000113312446 0.000003492009 0.000113366241
0.467575128015 0.000114597347 0.000003478823 0.000114650138
0.467942883733 0.000115877421 0.000003465811 0.000115929239
0.468310639452 0.000117152732 0.000003452970 0.000117203607
0.468678395171 0.000118423343 0.000003440300 0.000118473304
0.469046150889 0.000119689316 0.000003427797 0.000119738391
0.469413906608 0.000120950713 0.000003415461 0.000120998927
0.469781662327 0.000122207595 0.000003403289 0.000122254974
0.470149418045 0.000123460020 0.000003391281 0.000123506588
0.470517173764 0.000124708050 0.000003379434 0.000124753831
0.470884929483 0.000125951742 0.000003367746 0.000125996758
0.471252685201 0.000127191155 0.000003356217 0.000127235428
0.471620440920 0.000128426346 0.000003344845 0.000128469897
0.471988196639 0.000129657373 0.000003333628 0.000129700221
0.472355952357 0.000130884291 0.000003322565 0.000130926457
0.472723708076 0.000132107157 0.000003311654 0.000132148659
0.473091463795 0.000133326026 0.000003300895 0.000133366881
0.473459219513 0.000134540952 0.000003290284 0.000134581179
0.473826975232 0.000135751989 0.000003279823 0.000135791605
0.474194730951 0.000136959192 0.000003269508 0.000136998212
0.474562486669 0.000138162613 0.000003259339 0.000138201052
0.474930242388 0.000139362304 0.000003249314 0.000139400179
0.475297998107 0.000140558318 0.000003239433 0.000140595643
0.475665753825 0.000141750706 0.000003229694 0.000141787495
0.476033509544 0.000142939519 0.000003220096 0.000142975785
0.476401265262 0.000144124808 0.000003210639 0.000144160565
0.476769020981 0.000145306622 0.000003201320 0.000145341883
0.477136776700 0.000146485011 0.000003192140 0.000146519788
0.477504532418 0.000147660024 0.000003183096 0.000147694329
0.477872288137 0.000148831710 0.000003174190 0.000148865555
0.478240043856 0.000150000117 0.000003165418 0.000150033513
0.478607799574 0.000151165292 0.000003156782 0.000151198250
0.478975555293 0.000152327283 0.000003148280 0.000152359814
0.479343311012 0.000153486137 0.000003139912 0.000153518250
0.479711066730 0.000154641899 0.000003131677 0.000154673606
0.480078822449 0.000155794616 0.000003123575 0.000155825926
0.480446578168 0.000156944334 0.000003115606 0.000156975256
0.480814333886 0.000158091097 0.000003107770 0.000158121640
0.481182089605 0.000159234950 0.000003100066 0.000159265124
0.481549845324 0.000160375938 0.000003092496 0.000160405751
0.481917601042 0.000161514104 0.000003085059 0.000161543565
0.482285356761 0.000162649492 0.000003077757 0.000162678609
0.482653112480 0.000163782145 0.000003070591 0.000163810926
0.483020868198 0.000164912105 0.000003063562 0.000164940558
0.483388623917 0.000166039415 0.000003056672 0.000166067548
0.483756379636 0.000167164116 0.000003049924 0.000167191937
0.484124135354 0.000168286250 0.000003043322 0.000168313765
0.484491891073 0.000169405857 0.000003036869 0.000169433075
0.484859646792 0.000170522977 0.000003030572 0.000170549905
0.485227402510 0.000171637650 0.000003024437 0.000171664295
0.485595158229 0.000172749914 0.000003018476 0.000172776283
0.485962913948 0.000173859806 0.000003012699 0.000173885907
0.486330669666 0.000174967363 0.000003007124 0.000174993202
0.486698425385 0.000176072618 0.000003001774 0.000176098204
0.487066181104 0.000177175602 0.000002996679 0.000177200942
0.487433936822 0.000178276340 0.000002991883 0.000178301444
0.487801692541 0.000179374851 0.000002987450 0.000179399727
0.488169448260 0.000180471139 0.000002983474 0.000180495798
0.488537203978 0.000181565180 0.000002980103 0.000181589635
0.488904959697 0.000182656896 0.000002977581 0.000182681164
0.489272715416 0.000183746081 0.000002976334 0.000183770185
0.489640471134 0.000184832198 0.000002977170 0.000184856173
0.490008226853 0.000185913642 0.000002981765 0.000185937552
0.490375982572 0.000186984381 0.000002993615 0.000187008344
0.490743738290 0.000188013864 0.000003010066 0.000188037958
0.491111494009 0.000189023485 0.000002883464 0.000189045476
0.491479249728 0.000190207355 0.000002846403 0.000190228652
0.491847005446 0.000191313968 0.000002865126 0.000191335421
0.492214761165 0.000192398338 0.000002874239 0.000192419806
0.492582516884 0.000193475905 0.000002877843 0.000193497307
0.492950272602 0.000194550063 0.000002878673 0.000194571359
0.493318028321 0.000195621859 0.000002877990 0.000195643028
0.493685784040 0.000196691707 0.000002876423 0.000196712738
0.494053539758 0.000197759811 0.000002874313 0.000197780698
0.494421295477 0.000198826289 0.000002871861 0.000198847028
0.494789051196 0.000199891220 0.000002869190 0.000199911810
0.495156806914 0.000200954664 0.000002866382 0.000200975106
0.495524562633 0.000202016671 0.000002863491 0.000202036965
0.495892318352 0.000203077285 0.000002860558 0.000203097431
0.496260074070 0.000204136546 0.000002857608 0.000204156547
0.496627829789 0.000205194492 0.000002854662 0.000205214348
0.496995585508 0.000206251159 0.000002851736 0.000206270873
0.497363341226 0.000207306583 0.000002848842 0.000207326157
0.497731096945 0.000208360798 0.000002845988 0.000208380233
0.498098852664 0.000209413838 0.000002843182 0.000209433137
0.498466608382 0.000210465736 0.000002840429 0.000210484902
0.498834364101 0.000211516526 0.000002837734 0.000211535561
0.499202119820 0.000212566240 0.000002835100 0.000212585146
0.499569875538 0.000213614912 0.000002832531 0.000213633691
0.499937631257 0.000214662573 0.000002830028 0.000214681227
0.500305386976 0.000215709255 0.000002827594 0.000215727787
0.500673142694 0.000216754990 0.000002825231 0.000216773402
0.501040898413 0.000217799811 0.000002822939 0.000217818105
0.501408654132 0.000218843748 0.000002820721 0.000218861926
0.501776409850 0.000219886834 0.000002818576 0.000219904898
0.502144165569 0.000220929098 0.000002816505 0.000220947050
0.502511921288 0.000221970573 0.000002814510 0.000221988416
0.502879677006 0.000223011290 0.000002812591 0.000223029025
0.503247432725 0.000224051278 0.000002810747 0.000224068908
0.503615188444 0.000225090570 0.000002808980 0.000225108097
0.503982944162 0.000226129196 0.000002807290 0.000226146621
0.504350699881 0.000227167185 0.000002805677 0.000227184511
0.504718455600 0.000228204570 0.000002804141 0.000228221798
0.505086211318 0.000229241379 0.000002802683 0.000229258511
0.505453967037 0.000230277643 0.000002801301 0.000230294682
0.505821722756 0.000231313393 0.000002799998 0.000231330339
0.506189478474 0.000232348658 0.000002798772 0.000232365514
0.506557234193 0.000233383468 0.000002797623 0.000233400235
0.506924989912 0.000234417853 0.000002796553 0.000234434534
0.507292745630 0.000235451843 0.000002795559 0.000235468439
0.507660501349 0.000236485468 0.000002794644 0.000236501980
0.508028257068 0.000237518756 0.000002793806 0.000237535187
0.508396012786 0.000238551739 0.000002793046 0.000238568089
0.508763768505 0.000239584444 0.000002792363 0.000239600716
0.509131524224 0.000240616902 0.000002791758 0.000240633097
0.509499279942 0.000241649141 0.000002791230 0.000241665261
0.509867035661 0.000242681192 0.000002790780 0.000242697238
0.510234791380 0.000243713083 0.000002790408 0.000243729057
0.510602547098 0.000244744843 0.000002790112 0.000244760746
0.510970302817 0.000245776502 0.000002789894 0.000245792336
0.511338058535 0.000246808088 0.000002789754 0.000246823855
0.511705814254 0.000247839631 0.000002789690 0.000247855331
0.512073569973 0.000248871160 0.000002789704 0.000248886795
0.512441325691 0.000249902703 0.000002789795 0.000249918275
0.512809081410 0.000250934289 0.000002789963 0.000250949799
0.513176837129 0.000251965948 0.000002790208 0.000251981396
0.513544592847 0.000252997707 0.000002790530 0.000253013097
0.513912348566 0.000254029597 0.000002790929 0.000254044928
0.514280104285 0.000255061644 0.000002791405 0.000255076919
0.514647860003 0.000256093879 0.000002791959 0.000256109098
0.515015615722 0.000257126330 0.000002792589 0.000257141495
0.515383371441 0.000258159026 0.000002793296 0.000258174137
0.515751127159 0.000259191995 0.000002794080 0.000259207054
0.516118882878 0.000260225265 0.000002794941 0.000260240275
0.516486638597 0.000261258867 0.000002795880 0.000261273826
0.516854394315 0.000262292827 0.000002796895 0.000262307739
0.517222150034 0.000263327176 0.000002797987 0.000263342040
0.517589905753 0.000264361940 0.000002799156 0.000264376759
0.517957661471 0.000265397150 0.000002800402 0.000265411924
0.518325417190 0.000266432834 0.000002801725 0.000266447564
0.518693172909 0.000267469020 0.000002803125 0.000267483708
0.519060928627 0.000268505736 0.000002804603 0.000268520383
0.519428684346 0.000269543013 0.000002806157 0.000269557619
0.519796440065 0.000270580877 0.000002807789 0.000270595445
0.520164195783 0.000271619359 0.000002809499 0.000271633889
0.520531951502 0.000272658486 0.000002811285 0.000272672979
0.520899707221 0.000273698288 0.000002813149 0.000273712744
0.521267462939 0.000274738792 0.000002815091 0.000274753214
0.521635218658 0.000275780029 0.000002817110 0.000275794417
0.522002974377 0.000276822026 0.000002819206 0.000276836381
0.522370730095 0.000277864812 0.000002821381 0.000277879136
0.522738485814 0.000278908417 0.000002823634 0.000278922710
0.523106241533 0.000279952869 0.000002825964 0.000279967132
0.523473997251 0.000280998198 0.000002828373 0.000281012432
0.523841752970 0.000282044431 0.000002830860 0.000282058638
0.524209508689 0.000283091599 0.000002833425 0.000283105779
0.524577264407 0.000284139730 0.000002836070 0.000284153884
0.524945020126 0.000285188854 0.000002838793 0.000285202983
0.525312775845 0.000286239000 0.000002841594 0.000286253104
0.525680531563 0.000287290196 0.000002844476 0.000287304278
0.526048287282 0.000288342473 0.000002847436 0.000288356532
0.526416043001 0.000289395860 0.000002850477 0.000289409898
0.526783798719 0.000290450386 0.000002853597 0.000290464403
0.527151554438 0.000291506080 0.000002856798 0.000291520079
0.527519310157 0.000292562974 0.000002860080 0.000292576953
0.527887065875 0.000293621095 0.000002863443 0.000293635057
0.528254821594 0.000294680473 0.000002866889 0.000294694419
0.528622577313 0.000295741139 0.000002870417 0.000295755069
0.528990333031 0.000296803122 0.000002874028 0.000296817037
0.529358088750 0.000297866452 0.000002877723 0.000297880352
0.529725844469 0.000298931157 0.000002881503 0.000298945045
0.530093600187 0.000299997268 0.000002885369 0.000300011143
0.530461355906 0.000301064813 0.000002889320 0.000301078677
0.530829111625 0.000302133821 0.000002893358 0.000302147675
0.531196867343 0.000303204322 0.000002897481 0.000303218166
0.531564623062 0.000304276345 0.000002901690 0.000304290181
0.531932378781 0.000305349920 0.000002905983 0.000305363748
0.532300134499 0.000306425078 0.000002910358 0.000306438898
0.532667890218 0.000307501849 0.000002914815 0.000307515663
0.533035645937 0.000308580264 0.000002919353 0.000308594073
0.533403401655 0.000309660358 0.000002923971 0.000309674162
0.533771157374 0.000310742160 0.000002928670 0.000310755961
0.534138913093 0.000311825705 0.000002933448 0.000311839503
0.534506668811 0.000312911024 0.000002938308 0.000312924819
0.534874424530 0.000313998149 0.000002943250 0.000314011943
0.535242180249 0.000315087113 0.000002948275 0.000315100906
0.535609935967 0.000316177948 0.000002953383 0.000316191741
0.535977691686 0.000317270685 0.000002958577 0.000317284479
0.536345447405 0.000318365356 0.000002963856 0.000318379152
0.536713203123 0.000319461994 0.000002969221 0.000319475792
0.537080958842 0.000320560631 0.000002974674 0.000320574432
0.537448714561 0.000321661298 0.000002980214 0.000321675104
0.537816470279 0.000322764030 0.000002985842 0.000322777840
0.538184225998 0.000323868857 0.000002991559 0.000323882673
0.538551981717 0.000324975813 0.000002997366 0.000324989635
0.538919737435 0.000326084931 0.000003003262 0.000326098761
0.539287493154 0.000327196243 0.000003009249 0.000327210081
0.539655248873 0.000328309784 0.000003015326 0.000328323631
0.540023004591 0.000329425587 0.000003021495 0.000329439443
0.540390760310 0.000330543684 0.000003027756 0.000330557551
0.540758516029 0.000331664111 0.000003034109 0.000331677989
0.541126271747 0.000332786901 0.000003040555 0.000332800791
0.541494027466 0.000333912088 0.000003047095 0.000333925991
0.541861783185 0.000335039707 0.000003053728 0.000335053623
0.542229538903 0.000336169792 0.000003060456 0.000336183723
0.542597294622 0.000337302379 0.000003067278 0.000337316325
0.542965050341 0.000338437501 0.000003074196 0.000338451463
0.543332806059 0.000339575195 0.000003081211 0.000339589173
0.543700561778 0.000340715495 0.000003088321 0.000340729491
0.544068317497 0.000341858438 0.000003095529 0.000341872453
0.544436073215 0.000343004059 0.000003102835 0.000343018093
0.544803828934 0.000344152394 0.000003110239 0.000344166448
0.545171584653 0.000345303480 0.000003117742 0.000345317555
0.545539340371 0.000346457353 0.000003125344 0.000346471449
0.545907096090 0.000347614049 0.000003133047 0.000347628168
0.546274851808 0.000348773606 0.000003140850 0.000348787748
0.546642607527 0.000349936062 0.000003148755 0.000349950228
0.547010363246 0.000351101452 0.000003156762 0.000351115643
0.547378118964 0.000352269816 0.000003164872 0.000352284033
0.547745874683 0.000353441191 0.000003173086 0.000353455434
0.548113630402 0.000354615615 0.000003181403 0.000354629886
0.548481386120 0.000355793127 0.000003189825 0.000355807426
0.548849141839 0.000356973766 0.000003198353 0.000356988093
0.549216897558 0.000358157570 0.000003206988 0.000358171927
0.549584653276 0.000359344578 0.000003215729 0.000359358967
0.549952408995 0.000360534831 0.000003224578 0.000360549251
0.550320164714 0.000361728368 0.000003233536 0.000361742821
0.550687920432 0.000362925230 0.000003242603 0.000362939715
0.551055676151 0.000364125456 0.000003251780 0.000364139975
0.551423431870 0.000365329087 0.000003261068 0.000365343641
0.551791187588 0.000366536165 0.000003270468 0.000366550755
0.552158943307 0.000367746730 0.000003279981 0.000367761357
0.552526699026 0.000368960825 0.000003289607 0.000368975489
0.552894454744 0.000370178490 0.000003299347 0.000370193193
0.553262210463 0.000371399770 0.000003309203 0.000371414512
0.553629966182 0.000372624705 0.000003319175 0.000372639487
0.553997721900 0.000373853339 0.000003329263 0.000373868163
0.554365477619 0.000375085715 0.000003339470 0.000375100581
0.554733233338 0.000376321878 0.000003349795 0.000376336786
0.555100989056 0.000377561869 0.000003360240 0.000377576822
0.555468744775 0.000378805735 0.000003370806 0.000378820732
0.555836500494 0.000380053519 0.000003381494 0.000380068562
0.556204256212 0.000381305267 0.000003392305 0.000381320357
0.556572011931 0.000382561024 0.000003403239 0.000382576161
0.556939767650 0.000383820836 0.000003414298 0.000383836021
0.557307523368 0.000385084748 0.000003425482 0.000385099983
0.557675279087 0.000386352808 0.000003436794 0.000386368093
0.558043034806 0.000387625062 0.000003448234 0.000387640399
0.558410790524 0.000388901557 0.000003459802 0.000388916947
0.558778546243 0.000390182342 0.000003471501 0.000390197785
0.559146301962 0.000391467464 0.000003483331 0.000391482961
0.559514057680 0.000392756972 0.000003495293 0.000392772525
0.559881813399 0.000394050915 0.000003507389 0.000394066524
0.560249569118 0.000395349342 0.000003519620 0.000395365009
0.560617324836 0.000396652303 0.000003531986 0.000396668028
0.560985080555 0.000397959849 0.000003544490 0.000397975634
0.561352836274 0.000399272030 0.000003557132 0.000399287875
0.561720591992 0.000400588897 0.000003569914 0.000400604803
0.562088347711 0.000401910502 0.000003582837 0.000401926471
0.562456103430 0.000403236897 0.000003595902 0.000403252930
0.562823859148 0.000404568134 0.000003609111 0.000404584232
0.563191614867 0.000405904267 0.000003622464 0.000405920431
0.563559370586 0.000407245350 0.000003635964 0.000407261581
0.563927126304 0.000408591436 0.000003649611 0.000408607735
0.564294882023 0.000409942580 0.000003663407 0.000409958949
0.564662637742 0.000411298837 0.000003677354 0.000411315276
0.565030393460 0.000412660263 0.000003691452 0.000412676774
0.565398149179 0.000414026914 0.000003705704 0.000414043498
0.565765904898 0.000415398847 0.000003720111 0.000415415504
0.566133660616 0.000416776118 0.000003734674 0.000416792851
0.566501416335 0.000418158787 0.000003749395 0.000418175596
0.566869172054 0.000419546910 0.000003764275 0.000419563797
0.567236927772 0.000420940548 0.000003779317 0.000420957513
0.567604683491 0.000422339759 0.000003794521 0.000422356805
0.567972439210 0.000423744604 0.000003809889 0.000423761731
0.568340194928 0.000425155144 0.000003825423 0.000425172354
0.568707950647 0.000426571440 0.000003841125 0.000426588734
0.569075706366 0.000427993554 0.000003856996 0.000428010933
0.569443462084 0.000429421549 0.000003873038 0.000429439015
0.569811217803 0.000430855488 0.000003889253 0.000430873041
0.570178973522 0.000432295434 0.000003905642 0.000432313077
0.570546729240 0.000433741454 0.000003922208 0.000433759187
0.570914484959 0.000435193611 0.000003938952 0.000435211436
0.571282240678 0.000436651972 0.000003955876 0.000436669890
0.571649996396 0.000438116603 0.000003972983 0.000438134617
0.572017752115 0.000439587572 0.000003990273 0.000439605682
0.572385507834 0.000441064947 0.000004007749 0.000441083155
0.572753263552 0.000442548797 0.000004025413 0.000442567104
0.573121019271 0.000444039191 0.000004043268 0.000444057599
0.573488774990 0.000445536200 0.000004061314 0.000445554710
0.573856530708 0.000447039894 0.000004079554 0.000447058508
0.574224286427 0.000448550346 0.000004097991 0.000448569066
0.574592042146 0.000450067628 0.000004116626 0.000450086455
0.574959797864 0.000451591814 0.000004135462 0.000451610749
0.575327553583 0.000453122978 0.000004154501 0.000453142023
0.575695309302 0.000454661195 0.000004173745 0.000454680352
0.576063065020 0.000456206541 0.000004193196 0.000456225811
0.576430820739 0.000457759093 0.000004212857 0.000457778478
0.576798576458 0.000459318928 0.000004232730 0.000459338430
0.577166332176 0.000460886125 0.000004252818 0.000460905746
0.577534087895 0.000462460763 0.000004273123 0.000462480505
0.577901843614 0.000464042924 0.000004293648 0.000464062787
0.578269599332 0.000465632687 0.000004314395 0.000465652675
0.578637355051 0.000467230136 0.000004335366 0.000467250249
0.579005110770 0.000468835353 0.000004356565 0.000468855594
0.579372866488 0.000470448423 0.000004377994 0.000470468794
0.579740622207 0.000472069431 0.000004399655 0.000472089933
0.580108377926 0.000473698463 0.000004421552 0.000473719098
0.580476133644 0.000475335606 0.000004443687 0.000475356376
0.580843889363 0.000476980948 0.000004466063 0.000477001856
0.581211645081 0.000478634579 0.000004488684 0.000478655626
0.581579400800 0.000480296589 0.000004511551 0.000480317777
0.581947156519 0.000481967069 0.000004534668 0.000481988401
0.582314912237 0.000483646113 0.000004558038 0.000483667590
0.582682667956 0.000485333813 0.000004581664 0.000485355438
0.583050423675 0.000487030264 0.000004605550 0.000487052040
0.583418179393 0.000488735563 0.000004629698 0.000488757491
0.583785935112 0.000490449807 0.000004654111 0.000490471889
0.584153690831 0.000492173094 0.000004678794 0.000492195332
0.584521446549 0.000493905523 0.000004703749 0.000493927921
0.584889202268 0.000495647196 0.000004728979 0.000495669755
0.585256957987 0.000497398214 0.000004754489 0.000497420937
0.585624713705 0.000499158682 0.000004780282 0.000499181571
0.585992469424 0.000500928704 0.000004806361 0.000500951761
0.586360225143 0.000502708385 0.000004832730 0.000502731614
0.586727980861 0.000504497834 0.000004859393 0.000504521236
0.587095736580 0.000506297158 0.000004886353 0.000506320737
0.587463492299 0.000508106470 0.000004913615 0.000508130227
0.587831248017 0.000509925879 0.000004941182 0.000509949818
0.588199003736 0.000511755499 0.000004969059 0.000511779623
0.588566759455 0.000513595445 0.000004997249 0.000513619755
0.588934515173 0.000515445832 0.000005025756 0.000515470333
0.589302270892 0.000517306779 0.000005054585 0.000517331473
0.589670026611 0.000519178404 0.000005083741 0.000519203294
0.590037782329 0.000521060829 0.000005113226 0.000521085917
0.590405538048 0.000522954175 0.000005143046 0.000522979465
0.590773293767 0.000524858567 0.000005173206 0.000524884061
0.591141049485 0.000526774131 0.000005203709 0.000526799833
0.591508805204 0.000528700993 0.000005234561 0.000528726906
0.591876560923 0.000530639283 0.000005265767 0.000530665410
0.592244316641 0.000532589132 0.000005297330 0.000532615476
0.592612072360 0.000534550672 0.000005329256 0.000534577237
0.592979828079 0.000536524039 0.000005361551 0.000536550827
0.593347583797 0.000538509367 0.000005394219 0.000538536383
0.593715339516 0.000540506797 0.000005427265 0.000540534044
0.594083095235 0.000542516467 0.000005460695 0.000542543948
0.594450850953 0.000544538520 0.000005494514 0.000544566240
0.594818606672 0.000546573101 0.000005528728 0.000546601062
0.595186362391 0.000548620354 0.000005563341 0.000548648562
0.595554118109 0.000550680430 0.000005598361 0.000550708886
0.595921873828 0.000552753478 0.000005633792 0.000552782187
0.596289629547 0.000554839650 0.000005669641 0.000554868617
0.596657385265 0.000556939102 0.000005705914 0.000556968330
0.597025140984 0.000559051990 0.000005742616 0.000559081483
0.597392896703 0.000561178474 0.000005779755 0.000561208236
0.597760652421 0.000563318715 0.000005817335 0.000563348751
0.598128408140 0.000565472877 0.000005855365 0.000565503192
0.598496163859 0.000567641126 0.000005893850 0.000567671724
0.598863919577 0.000569823633 0.000005932798 0.000569854517
0.599231675296 0.000572020566 0.000005972214 0.000572051742
0.599599431015 0.000574232102 0.000006012107 0.000574263574
0.599967186733 0.000576458415 0.000006052483 0.000576490188
0.600334942452 0.000578699686 0.000006093349 0.000578731764
0.600702698171 0.000580956095 0.000006134714 0.000580988484
0.601070453889 0.000583227828 0.000006176584 0.000583260533
0.601438209608 0.000585515072 0.000006218967 0.000585548098
0.601805965327 0.000587818017 0.000006261871 0.000587851369
0.602173721045 0.000590136856 0.000006305305 0.000590170540
0.602541476764 0.000592471786 0.000006349276 0.000592505806
0.602909232483 0.000594823005 0.000006393792 0.000594857368
0.603276988201 0.000597190717 0.000006438863 0.000597225427
0.603644743920 0.000599575125 0.000006484496 0.000599610190
0.604012499639 0.000601976440 0.000006530702 0.000602011864
0.604380255357 0.000604394872 0.000006577488 0.000604430662
0.604748011076 0.000606830638 0.000006624864 0.000606866800
0.605115766795 0.000609283956 0.000006672839 0.000609320495
0.605483522513 0.000611755048 0.000006721424 0.000611791971
0.605851278232 0.000614244140 0.000006770627 0.000614281454
0.606219033951 0.000616751461 0.000006820459 0.000616789172
0.606586789669 0.000619277244 0.000006870931 0.000619315360
0.606954545388 0.000621821727 0.000006922051 0.000621860254
0.607322301107 0.000624385150 0.000006973832 0.000624424095
0.607690056825 0.000626967758 0.000007026284 0.000627007128
0.608057812544 0.000629569800 0.000007079417 0.000629609602
0.608425568263 0.000632191528 0.000007133244 0.000632231770
0.608793323981 0.000634833199 0.000007187776 0.000634873889
0.609161079700 0.000637495075 0.000007243025 0.000637536221
0.609528835419 0.000640177422 0.000007299003 0.000640219031
0.609896591137 0.000642880510 0.000007355722 0.000642922590
0.610264346856 0.000645604614 0.000007413194 0.000645647173
0.610632102575 0.000648350012 0.000007471434 0.000648393060
0.610999858293 0.000651116990 0.000007530453 0.000651160535
0.611367614012 0.000653905836 0.000007590265 0.000653949887
0.611735369731 0.000656716845 0.000007650885 0.000656761410
0.612103125449 0.000659550315 0.000007712325 0.000659595405
0.612470881168 0.000662406552 0.000007774601 0.000662452175
0.612838636887 0.000665285864 0.000007837727 0.000665332030
0.613206392605 0.000668188567 0.000007901719 0.000668235286
0.613574148324 0.000671114982 0.000007966590 0.000671162264
0.613941904043 0.000674065434 0.000008032359 0.000674113290
0.614309659761 0.000677040257 0.000008099039 0.000677088697
0.614677415480 0.000680039788 0.000008166648 0.000680088823
0.615045171199 0.000683064371 0.000008235203 0.000683114012
0.615412926917 0.000686114357 0.000008304721 0.000686164615
0.615780682636 0.000689190103 0.000008375220 0.000689240990
0.616148438354 0.000692291971 0.000008446717 0.000692343499
0.616516194073 0.000695420332 0.000008519232 0.000695472512
0.616883949792 0.000698575562 0.000008592783 0.000698628408
0.617251705510 0.000701758046 0.000008667390 0.000701811569
0.617619461229 0.000704968173 0.000008743073 0.000705022387
0.617987216948 0.000708206341 0.000008819852 0.000708261259
0.618354972666 0.000711472957 0.000008897749 0.000711528593
0.618722728385 0.000714768433 0.000008976785 0.000714824800
0.619090484104 0.000718093189 0.000009056983 0.000718150303
0.619458239822 0.000721447655 0.000009138366 0.000721505529
0.619825995541 0.000724832266 0.000009220958 0.000724890916
0.620193751260 0.000728247468 0.000009304783 0.000728306909
0.620561506978 0.000731693714 0.000009389868 0.000731753962
0.620929262697 0.000735171465 0.000009476240 0.000735232536
0.621297018416 0.000738681189 0.000009563926 0.000738743100
0.621664774134 0.000742223364 0.000009652957 0.000742286132
0.622032529853 0.000745798474 0.000009743367 0.000745862117
0.622400285572 0.000749407007 0.000009835188 0.000749471542
0.622768041290 0.000753049454 0.000009928460 0.000753114901
0.623135797009 0.000756726299 0.000010023222 0.000756792677
0.623503552728 0.000760438009 0.000010119508 0.000760505338
0.623871308446 0.000764185001 0.000010217324 0.000764253302
0.624239064165 0.000767967618 0.000010316546 0.000768036909
0.624606819884 0.000771786246 0.000010416657 0.000771856539
0.624974575602 0.000775642184 0.000010516686 0.000775713477
0.625342331321 0.000779538048 0.000010617315 0.000779610349
0.625710087040 0.000783474005 0.000010721023 0.000783547354
0.626077842758 0.000787448787 0.000010827829 0.000787523227
0.626445598477 0.000791462639 0.000010936841 0.000791538201
0.626813354196 0.000795516398 0.000011047687 0.000795593106
0.627181109914 0.000799610894 0.000011160291 0.000799688773
0.627548865633 0.000803746895 0.000011274674 0.000803825969
0.627916621352 0.000807925137 0.000011390880 0.000808005433
0.628284377070 0.000812146348 0.000011508958 0.000812227891
0.628652132789 0.000816411256 0.000011628958 0.000816494073
0.629019888508 0.000820720597 0.000011750930 0.000820804717
0.629387644226 0.000825075122 0.000011874922 0.000825160572
0.629755399945 0.000829475591 0.000012000985 0.000829562403
0.630123155664 0.000833922785 0.000012129167 0.000834010988
0.630490911382 0.000838417497 0.000012259519 0.000838507123
0.630858667101 0.000842960539 0.000012392092 0.000843051620
0.631226422820 0.000847552742 0.000012526937 0.000847645311
0.631594178538 0.000852194952 0.000012664108 0.000852289045
0.631961934257 0.000856888039 0.000012803660 0.000856983690
0.632329689976 0.000861632888 0.000012945647 0.000861730134
0.632697445694 0.000866430408 0.000013090127 0.000866529286
0.633065201413 0.000871281528 0.000013237160 0.000871382076
0.633432957132 0.000876187196 0.000013386804 0.000876289455
0.633800712850 0.000881148386 0.000013539124 0.000881252397
0.634168468569 0.000886166094 0.000013694181 0.000886271898
0.634536224288 0.000891241339 0.000013852043 0.000891348979
0.634903980006 0.000896375163 0.000014012777 0.000896484685
0.635271735725 0.000901568637 0.000014176452 0.000901680086
0.635639491444 0.000906822853 0.000014343141 0.000906936278
0.636007247162 0.000912138935 0.000014512917 0.000912254384
0.636375002881 0.000917518030 0.000014685857 0.000917635554
0.636742758600 0.000922961315 0.000014862038 0.000923080966
0.637110514318 0.000928469998 0.000015041543 0.000928591829
0.637478270037 0.000934045313 0.000015224455 0.000934169381
0.637846025756 0.000939688530 0.000015410860 0.000939814891
0.638213781474 0.000945400948 0.000015600847 0.000945529661
0.638581537193 0.000951183899 0.000015794507 0.000951315025
0.638949292912 0.000957038751 0.000015991936 0.000957172353
0.639317048630 0.000962966906 0.000016193231 0.000963103049
0.639684804349 0.000968969803 0.000016398492 0.000969108554
0.640052560068 0.000975048918 0.000016607826 0.000975190347
0.640420315786 0.000981205766 0.000016821338 0.000981349944
0.640788071505 0.000987441903 0.000017039141 0.000987588904
0.641155827224 0.000993758926 0.000017261350 0.000993908827
0.641523582942 0.001000158474 0.000017488083 0.001000311355
0.641891338661 0.001006642232 0.000017719463 0.001006798174
0.642259094380 0.001013211930 0.000017955618 0.001013371017
0.642626850098 0.001019869344 0.000018196679 0.001020031666
0.642994605817 0.001026616303 0.000018442782 0.001026781948
0.643362361536 0.001033454682 0.000018694068 0.001033623746
0.643730117254 0.001040386413 0.000018950684 0.001040558992
0.644097872973 0.001047413478 0.000019212779 0.001047589674
0.644465628692 0.001054537919 0.000019480511 0.001054717836
0.644833384410 0.001061761835 0.000019754041 0.001061945581
0.645201140129 0.001069087385 0.000020033537 0.001069275072
0.645568895848 0.001076516791 0.000020319173 0.001076708536
0.645936651566 0.001084052341 0.000020611131 0.001084248263
0.646304407285 0.001091696387 0.000020909595 0.001091896613
0.646672163004 0.001099451356 0.000021214762 0.001099656014
0.647039918722 0.001107319743 0.000021526832 0.001107528969
0.647407674441 0.001115304120 0.000021846014 0.001115518054
0.647775430160 0.001123407137 0.000022172524 0.001123625924
0.648143185878 0.001131631525 0.000022506589 0.001131855315
0.648510941597 0.001139980098 0.000022848442 0.001140209049
0.648878697316 0.001148455760 0.000023198327 0.001148690034
0.649246453034 0.001157061502 0.000023556495 0.001157301269
0.649614208753 0.001165800413 0.000023923210 0.001166045850
0.649981964472 0.001174675679 0.000024298745 0.001174926968
0.650349720190 0.001183690587 0.000024683384 0.001183947919
0.650717475909 0.001192848530 0.000025077424 0.001193112104
0.651085231627 0.001202153014 0.000025481170 0.001202423037
0.651452987346 0.001211607658 0.000025894945 0.001211884344
0.651820743065 0.001221216200 0.000026319082 0.001221499776
0.652188498783 0.001230982506 0.000026753930 0.001231273204
0.652556254502 0.001240910569 0.000027199850 0.001241208634
0.652924010221 0.001251004519 0.000027657221 0.001251310205
0.653291765939 0.001261268627 0.000028126438 0.001261582200
0.653659521658 0.001271707312 0.000028607911 0.001272029048
0.654027277377 0.001282325145 0.000029102071 0.001282655335
0.654395033095 0.001293126860 0.000029609367 0.001293465806
0.654762788814 0.001304117358 0.000030130266 0.001304465376
0.655130544533 0.001315301715 0.000030665258 0.001315659135
0.655498300251 0.001326685190 0.000031214856 0.001327052358
0.655866055970 0.001338273234 0.000031779595 0.001338650512
0.656233811689 0.001350071498 0.000032360034 0.001350459264
0.656601567407 0.001362085843 0.000032956761 0.001362484492
0.656969323126 0.001374322348 0.000033570389 0.001374732297
0.657337078845 0.001386787323 0.000034201561 0.001387209006
0.657704834563 0.001399487319 0.000034850951 0.001399921193
0.658072590282 0.001412429139 0.000035519265 0.001412875681
0.658440346001 0.001425619849 0.000036207246 0.001426079562
0.658808101719 0.001439066794 0.000036915671 0.001439540206
0.659175857438 0.001452777611 0.000037645357 0.001453265275
0.659543613157 0.001466760240 0.000038397161 0.001467262738
0.659911368875 0.001481022945 0.000039171985 0.001481540890
0.660279124594 0.001495574327 0.000039970778 0.001496108362
0.660646880313 0.001510423342 0.000040794537 0.001510974145
0.661014636031 0.001525579318 0.000041644311 0.001526147603
0.661382391750 0.001541051979 0.000042521206 0.001541638497
0.661750147469 0.001556851462 0.000043426387 0.001557457006
0.662117903187 0.001572988339 0.000044361082 0.001573613746
0.662485658906 0.001589473644 0.000045326587 0.001590119796
0.662853414625 0.001606318897 0.000046324268 0.001606986726
0.663221170343 0.001623536129 0.000047355571 0.001624226620
0.663588926062 0.001641137913 0.000048422020 0.001641852107
0.663956681781 0.001659137393 0.000049525229 0.001659876392
0.664324437499 0.001677548319 0.000050666905 0.001678313289
0.664692193218 0.001696385081 0.000051848855 0.001697177259
0.665059948937 0.001715662747 0.000053072995 0.001716483442
0.665427704655 0.001735397103 0.000054341354 0.001736247703
0.665795460374 0.001755604694 0.000055656085 0.001756486676
0.666163216093 0.001776302877 0.000057019474 0.001777217806
0.666530971811 0.001797509862 0.000058433949 0.001798459405
0.666898727530 0.001819244774 0.000059902093 0.001820230702
0.667266483249 0.001841527705 0.000061426652 0.001842551904
0.667634238967 0.001864379776 0.000063010552 0.001865444258
0.668001994686 0.001887823210 0.000064656908 0.001888930118
0.668369750405 0.001911881397 0.000066369046 0.001913033017
0.668737506123 0.001936578974 0.000068150514 0.001937777751
0.669105261842 0.001961941911 0.000070005101 0.001963190459
0.669473017561 0.001987997603 0.000071936862 0.001989298716
0.669840773279 0.002014774965 0.000073950134 0.002016131638
0.670208528998 0.002042304539 0.000076049564 0.002043719982
0.670576284717 0.002070618614 0.000078240134 0.002072096273
0.670944040435 0.002099751352 0.000080527193 0.002101294927
0.671311796154 0.002129738919 0.000082916485 0.002131352389
0.671679551873 0.002160619642 0.000085414190 0.002162307292
0.672047307591 0.002192434169 0.000088026961 0.002194200614
0.672415063310 0.002225225646 0.000090761971 0.002227075866
0.672782819029 0.002259039913 0.000093626956 0.002260979287
0.673150574747 0.002293925718 0.000096630279 0.002295960063
0.673518330466 0.002329934949 0.000099780980 0.002332070563
0.673886086185 0.002367122891 0.000103088855 0.002369366601
0.674253841903 0.002405548508 0.000106564524 0.002407907727
0.674621597622 0.002445274756 0.000110219519 0.002447757540
0.674989353341 0.002486368921 0.000114066380 0.002488984039
0.675357109059 0.002528903000 0.000118118760 0.002531660013
0.675724864778 0.002572954119 0.000122391550 0.002575863465
0.676092620497 0.002618604999 0.000126901013 0.002621678090
0.676460376215 0.002665944467 0.000131664937 0.002669193802
0.676828131934 0.002715068029 0.000136702813 0.002718507323
0.677195887653 0.002766078515 0.000142036034 0.002769722836
0.677563643371 0.002819086781 0.000147688117 0.002822952720
0.677931399090 0.002874212516 0.000153684969 0.002878318373
0.678299154809 0.002931585129 0.000160055179 0.002935951129
0.678666910527 0.002991344758 0.000166830355 0.002995993296
0.679034666246 0.003053643396 0.000174045524 0.003058599326
0.679402421965 0.003118646174 0.000181739572 0.003123937136
0.679770177683 0.003186532799 0.000189955777 0.003192189606
0.680137933402 0.003257499196 0.000198742409 0.003263556275
0.680505689121 0.003331759369 0.000208153438 0.003338255285
0.680873444839 0.003409547527 0.000218249363 0.003416525593
0.681241200558 0.003491120514 0.000229098175 0.003498629505
0.681608956277 0.003576760592 0.000240776505 0.003584855598
0.681976711995 0.003666778656 0.000253370964 0.003675522080
0.682344467714 0.003761517926 0.000266979751 0.003770980681
0.682712223433 0.003861358240 0.000281714552 0.003871621178
0.683079979151 0.003966721037 0.000297702828 0.003977876665
0.683447734870 0.004078075169 0.000315090561 0.004090229718
0.683815490589 0.004195943709 0.000334045567 0.004209219649
0.684183246307 0.004320911963 0.000354761529 0.004335451065
0.684551002026 0.004453636920 0.000377462922 0.004469604017
0.684918757745 0.004594858470 0.000402411064 0.004612446100
0.685286513463 0.004745412771 0.000429911590 0.004764846938
0.685654269182 0.004906248254 0.000460323762 0.004927795643
0.686022024900 0.005078444891 0.000494072126 0.005102421952
0.686389780619 0.005263237511 0.000531661227 0.005290022000
0.686757536338 0.005462044180 0.000573694327 0.005492089930
0.687125292056 0.005676500943 0.000620897420 0.005710356956
0.687493047775 0.005908504626 0.000674150302 0.005946839963
0.687860803494 0.006160265896 0.000734527182 0.006203902489
0.688228559212 0.006434375502 0.000803350295 0.006484331870
0.688596314931 0.006733887514 0.000882261462 0.006791437722
0.688964070650 0.007062424696 0.000973318776 0.007129178917
0.689331826368 0.007424312825 0.001079128915 0.007502328981
0.689699582087 0.007824753106 0.001203030756 0.007916694018
0.690067337806 0.008270044943 0.001349354110 0.008379403312
0.690435093524 0.008767875339 0.001523790357 0.008899301940
0.690802849243 0.009327696246 0.001733933042 0.009487488659
0.691170604962 0.009961216605 0.001990082017 0.010158063924
0.691538360680 0.010683039777 0.002306465489 0.010929186700
0.691906116399 0.011511473173 0.002703140903 0.011824592397
0.692273872118 0.012469507752 0.003209026991 0.012875809792
0.692641627836 0.013585862291 0.003866871153 0.014125450319
0.693009383555 0.014895677468 0.004741614769 0.015632150135
0.693377139274 0.016439552283 0.005934857056 0.017478026420
0.693744894992 0.018257058393 0.007610375364 0.019779736963
0.694112650711 0.020363474011 0.010039221806 0.022703679179
0.694480406430 0.022677079915 0.013675136922 0.026481301390
0.694848162148 0.024805847988 0.019250061757 0.031398964506
0.695215917867 0.025485090463 0.027718720400 0.037653914756
0.695583673586 0.021585952647 0.039197626803 0.044748265873
0.695951429304 0.009008526638 0.049375787984 0.050190855653
0.696319185023 -0.009129123051 0.049261772137 0.050100529756
0.696686940742 -0.021542168231 0.038983271600 0.044539426094
0.697054696460 -0.025321079031 0.027541117262 0.037412166247
0.697422452179 -0.024596513934 0.019131011552 0.031160617785
0.697790207898 -0.022457916179 0.013598629835 0.026254156481
0.698157963616 -0.020146452531 0.009989448148 0.022487076820
0.698525719335 -0.018045233759 0.007577092730 0.019571479138
0.698893475054 -0.016233073894 0.005911940955 0.017276102972
0.699261230772 -0.014693885522 0.004725409697 0.015435017608
0.699628986491 -0.013387972354 0.003855146550 0.013931976123
0.699996742210 -0.012274814039 0.003200381935 0.012685168672
0.700364497928 -0.011319391965 0.002696669193 0.011636178892
0.700732253647 -0.010493102902 0.002301564345 0.010742551231
0.701100009366 -0.009773052303 0.001986340067 0.009972868102
0.701467765084 -0.009141009568 0.001731062887 0.009303474331
0.701835520803 -0.008582431477 0.001521586834 0.008716269647
0.702203276522 -0.008085655971 0.001347667756 0.008197197135
0.702571032240 -0.007641267683 0.001201750494 0.007735190758
0.702938787959 -0.007241608238 0.001078170483 0.007321430288
0.703306543678 -0.006880400675 0.000972616818 0.006948805431
0.703674299396 -0.006552461339 0.000881764045 0.006611524592
0.704042055115 -0.006253478066 0.000803015112 0.006304825231
0.704409810834 -0.005979838488 0.000734318987 0.006024756652
0.704777566552 -0.005728496330 0.000674039312 0.005768015187
0.705145322271 -0.005496866649 0.000620858456 0.005531817800
0.705513077990 -0.005282743206 0.000573706459 0.005313804181
0.705880833708 -0.005084232847 0.000531707656 0.005111960159
0.706248589427 -0.004899702927 0.000494140053 0.004924557154
0.706616345146 -0.004727738802 0.000460404060 0.004750103797
0.706984100864 -0.004567109154 0.000429998262 0.004587306893
0.707351856583 -0.004416737509 0.000402500562 0.004435039676
0.707719612302 -0.004275678766 0.000377553446 0.004292315868
0.708087368020 -0.004143099785 0.000354852413 0.004158268397
0.708455123739 -0.004018263302 0.000334136802 0.004032131863
0.708822879458 -0.003900514544 0.000315182465 0.003913228040
0.709190635176 -0.003789270040 0.000297795832 0.003800953801
0.709558390895 -0.003684008215 0.000281809079 0.003694771020
0.709926146614 -0.003584261438 0.000267076165 0.003594198066
0.710293902332 -0.003489609268 0.000253469543 0.003498802603
0.710661658051 -0.003399672684 0.000240877443 0.003408195461
0.711029413770 -0.003314109141 0.000229201595 0.003322025402
0.711397169488 -0.003232608314 0.000218355330 0.003239974624
0.711764925207 -0.003154888415 0.000208261980 0.003161754887
0.712132680926 -0.003080693008 0.000198853527 0.003087104167
0.712500436644 -0.003009788233 0.000190069461 0.003015783747
0.712868192363 -0.002941960388 0.000181855810 0.002947575692
0.713235948082 -0.002877013811 0.000174164314 0.002882280638
0.713603703800 -0.002814769023 0.000166951711 0.002819715859
0.713971459519 -0.002755061098 0.000160179137 0.002759713574
0.714339215238 -0.002697738218 0.000153811595 0.002702119446
0.714706970956 -0.002642660401 0.000147817510 0.002646791267
0.715074726675 -0.002589698374 0.000142168336 0.002593597792
0.715442482394 -0.002538732566 0.000136838215 0.002542417695
0.715810238112 -0.002489652217 0.000131803684 0.002493138659
0.716177993831 -0.002442354582 0.000127043416 0.002445656545
0.716545749550 -0.002396744213 0.000122538000 0.002399874660
0.716913505268 -0.002352732320 0.000118269740 0.002355703101
0.717281260987 -0.002310236193 0.000114222489 0.002313058158
0.717649016706 -0.002269178677 0.000110381495 0.002271861779
0.718016772424 -0.002229487698 0.000106733277 0.002232041081
0.718384528143 -0.002191095818 0.000103265511 0.002193527900
0.718752283862 -0.002153939822 0.000099966931 0.002156258367
0.719120039580 -0.002117960318 0.000096827245 0.002120172499
0.719487795299 -0.002083101318 0.000093837052 0.002085213776
0.719855551018 -0.002049309778 0.000090987725 0.002051328675
0.720223306736 -0.002016535031 0.000088271220 0.002018466086
0.720591062455 -0.001984728035 0.000085679586 0.001986576544
0.720958818173 -0.001953840454 0.000083203707 0.001955611254
0.721326573892 -0.001923824284 0.000080830102 0.001925521587
0.721694329611 -0.001894635810 0.000078534614 0.001896262782
0.722062085329 -0.001866253385 0.000076280128 0.001867811648
0.722429841048 -0.001838698787 0.000074050375 0.001840189307
0.722797596767 -0.001811984753 0.000071900282 0.001813410708
0.723165352485 -0.001786043533 0.000069888165 0.001787410378
0.723533108204 -0.001760792992 0.000068006385 0.001762105794
0.723900863923 -0.001736188016 0.000066224787 0.001737450589
0.724268619641 -0.001712204282 0.000064522628 0.001713419585
0.724636375360 -0.001688822359 0.000062888814 0.001689992888
0.725004131079 -0.001666023102 0.000061317145 0.001667151094
0.725371886797 -0.001643787162 0.000059803562 0.001644874676
0.725739642516 -0.001622095273 0.000058344948 0.001623144235
0.726107398235 -0.001600928551 0.000056938633 0.001601940770
0.726475153953 -0.001580268670 0.000055582193 0.001581245853
0.726842909672 -0.001560097959 0.000054273371 0.001561041716
0.727210665391 -0.001540399439 0.000053010037 0.001541311291
0.727578421109 -0.001521156832 0.000051790172 0.001522038215
0.727946176828 -0.001502354546 0.000050611859 0.001503206819
0.728313932547 -0.001483977659 0.000049473280 0.001484802107
0.728681688265 -0.001466011893 0.000048372703 0.001466809732
0.729049443984 -0.001448443583 0.000047308489 0.001449215963
0.729417199703 -0.001431259653 0.000046279076 0.001432007663
0.729784955421 -0.001414447584 0.000045282985 0.001415172257
0.730152711140 -0.001397995389 0.000044318810 0.001398697703
0.730520466859 -0.001381891586 0.000043385215 0.001382572469
0.730888222577 -0.001366125173 0.000042480933 0.001366785505
0.731255978296 -0.001350685601 0.000041604759 0.001351326218
0.731623734015 -0.001335562757 0.000040755548 0.001336184453
0.731991489733 -0.001320746937 0.000039932212 0.001321350466
0.732359245452 -0.001306228830 0.000039133716 0.001306814908
0.732727001171 -0.001291999494 0.000038359076 0.001292568804
0.733094756889 -0.001278050343 0.000037607354 0.001278603532
0.733462512608 -0.001264373125 0.000036877660 0.001264910812
0.733830268327 -0.001250959910 0.000036169144 0.001251482682
0.734198024045 -0.001237803071 0.000035480997 0.001238311489
0.734565779764 -0.001224895273 0.000034812448 0.001225389871
0.734933535483 -0.001212229457 0.000034162762 0.001212710745
0.735301291201 -0.001199798828 0.000033531237 0.001200267292
0.735669046920 -0.001187596843 0.000032917206 0.001188052947
0.736036802639 -0.001175617199 0.000032320028 0.001176061386
0.736404558357 -0.001163853822 0.000031739093 0.001164286515
0.736772314076 -0.001152300857 0.000031173820 0.001152722461
0.737140069795 -0.001140952658 0.000030623651 0.001141363560
0.737507825513 -0.001129803781 0.000030088053 0.001130204351
0.737875581232 -0.001118848971 0.000029566517 0.001119239562
0.738243336951 -0.001108083155 0.000029058556 0.001108464108
0.738611092669 -0.001097501439 0.000028563704 0.001097873077
0.738978848388 -0.001087099092 0.000028081514 0.001087461727
0.739346604107 -0.001076871547 0.000027611557 0.001077225476
0.739714359825 -0.001066814388 0.000027153425 0.001067159898
0.740082115544 -0.001056923349 0.000026706723 0.001057260713
0.740449871263 -0.001047194303 0.000026271076 0.001047523784
0.740817626981 -0.001037623259 0.000025846122 0.001037945109
0.741185382700 -0.001028206357 0.000025431514 0.001028520818
0.741553138419 -0.001018939860 0.000025026919 0.001019247166
0.741920894137 -0.001009820152 0.000024632017 0.001010120525
0.742288649856 -0.001000843731 0.000024246503 0.001001137387
0.742656405575 -0.000992007207 0.000023870080 0.000992294351
0.743024161293 -0.000983307294 0.000023502465 0.000983588125
0.743391917012 -0.000974740809 0.000023143387 0.000975015518
0.743759672731 -0.000966304667 0.000022792582 0.000966573438
0.744127428449 -0.000957995878 0.000022449799 0.000958258887
0.744495184168 -0.000949811541 0.000022114794 0.000950068959
0.744862939887 -0.000941748844 0.000021787336 0.000942000835
0.745230695605 -0.000933805059 0.000021467199 0.000934051781
0.745598451324 -0.000925977538 0.000021154166 0.000926219142
0.745966207043 -0.000918263711 0.000020848029 0.000918500345
0.746333962761 -0.000910661083 0.000020548586 0.000910892888
0.746701718480 -0.000903167233 0.000020255646 0.000903394345
0.747069474199 -0.000895779809 0.000019969019 0.000896002359
0.747437229917 -0.000888496524 0.000019688528 0.000888714640
0.747804985636 -0.000881315160 0.000019413997 0.000881528964
0.748172741355 -0.000874233558 0.000019145259 0.000874443168
0.748540497073 -0.000867249621 0.000018882153 0.000867455152
0.748908252792 -0.000860361311 0.000018624522 0.000860562873
0.749276008511 -0.000853566645 0.000018372215 0.000853764344
0.749643764229 -0.000846863694 0.000018125088 0.000847057634
0.750011519948 -0.000840250585 0.000017882998 0.000840440865
0.750379275667 -0.000833725491 0.000017645811 0.000833912207
0.750747031385 -0.000827286636 0.000017413395 0.000827469882
0.751114787104 -0.000820932294 0.000017185623 0.000821112158
0.751482542823 -0.000814660780 0.000016962372 0.000814837351
0.751850298541 -0.000808470457 0.000016743523 0.000808643818
0.752218054260 -0.000802359729 0.000016528962 0.000802529963
0.752585809979 -0.000796327043 0.000016318577 0.000796494228
0.752953565697 -0.000790370884 0.000016112261 0.000790535097
0.753321321416 -0.000784489779 0.000015909909 0.000784651093
0.753689077135 -0.000778682289 0.000015711421 0.000778840777
0.754056832853 -0.000772947015 0.000015516699 0.000773102746
0.754424588572 -0.000767282590 0.000015325648 0.000767435631
0.754792344291 -0.000761687683 0.000015138177 0.000761838100
0.755160100009 -0.000756160996 0.000014954197 0.000756308852
0.755527855728 -0.000750701262 0.000014773623 0.000750846619
0.755895611446 -0.000745307248 0.000014596369 0.000745450164
0.756263367165 -0.000739977747 0.000014422357 0.000740118281
0.756631122884 -0.000734711584 0.000014251506 0.000734849792
0.756998878602 -0.000729507612 0.000014083742 0.000729643548
0.757366634321 -0.000724364711 0.000013918990 0.000724498428
0.757734390040 -0.000719281788 0.000013757179 0.000719413338
0.758102145758 -0.000714257776 0.000013598239 0.000714387207
0.758469901477 -0.000709291632 0.000013442103 0.000709418994
0.758837657196 -0.000704382339 0.000013288706 0.000704507679
0.759205412914 -0.000699528903 0.000013137983 0.000699652266
0.759573168633 -0.000694730354 0.000012989873 0.000694851783
0.759940924352 -0.000689985741 0.000012844316 0.000690105281
0.760308680070 -0.000685294139 0.000012701254 0.000685411831
0.760676435789 -0.000680654641 0.000012560631 0.000680770527
0.761044191508 -0.000676066362 0.000012422390 0.000676180480
0.761411947226 -0.000671528437 0.000012286480 0.000671640826
0.761779702945 -0.000667040020 0.000012152847 0.000667150717
0.762147458664 -0.000662600282 0.000012021441 0.000662709325
0.762515214382 -0.000658208416 0.000011892213 0.000658315839
0.762882970101 -0.000653863630 0.000011765116 0.000653969468
0.763250725820 -0.000649565150 0.000011640103 0.000649669436
0.763618481538 -0.000645312219 0.000011517128 0.000645414986
0.763986237257 -0.000641104096 0.000011396148 0.000641205376
0.764353992976 -0.000636940056 0.000011277120 0.000637039880
0.764721748694 -0.000632819391 0.000011160002 0.000632917789
0.765089504413 -0.000628741406 0.000011044753 0.000628838407
0.765457260132 -0.000624705422 0.000010931335 0.000624801055
0.765825015850 -0.000620710773 0.000010819708 0.000620805066
0.766192771569 -0.000616756808 0.000010709836 0.000616849788
0.766560527288 -0.000612842890 0.000010601681 0.000612934583
0.766928283006 -0.000608968394 0.000010495208 0.000609058827
0.767296038725 -0.000605132709 0.000010390383 0.000605221906
0.767663794444 -0.000601335235 0.000010287172 0.000601423221
0.768031550162 -0.000597575387 0.000010185542 0.000597662186
0.768399305881 -0.000593852588 0.000010085461 0.000593938223
0.768767061600 -0.000590166276 0.000009986897 0.000590250770
0.769134817318 -0.000586515900 0.000009889821 0.000586599275
0.769502573037 -0.000582900917 0.000009794202 0.000582983195
0.769870328756 -0.000579320798 0.000009700013 0.000579401999
0.770238084474 -0.000575775023 0.000009607223 0.000575855169
0.770605840193 -0.000572263083 0.000009515807 0.000572342194
0.770973595912 -0.000568784479 0.000009425736 0.000568862574
0.771341351630 -0.000565338721 0.000009336985 0.000565415819
0.771709107349 -0.000561925329 0.000009249529 0.000562001449
0.772076863068 -0.000558543831 0.000009163342 0.000558618992
0.772444618786 -0.000555193766 0.000009078400 0.000555267985
0.772812374505 -0.000551874682 0.000008994679 0.000551947976
0.773180130224 -0.000548586133 0.000008912157 0.000548658520
0.773547885942 -0.000545327684 0.000008830809 0.000545399181
0.773915641661 -0.000542098908 0.000008750615 0.000542169530
0.774283397380 -0.000538899383 0.000008671552 0.000538969147
0.774651153098 -0.000535728700 0.000008593600 0.000535797620
0.775018908817 -0.000532586452 0.000008516738 0.000532654545
0.775386664536 -0.000529472245 0.000008440946 0.000529539524
0.775754420254 -0.000526385688 0.000008366204 0.000526452168
0.776122175973 -0.000523326399 0.000008292493 0.000523392095
0.776489931692 -0.000520294003 0.000008219794 0.000520358928
0.776857687410 -0.000517288131 0.000008148089 0.000517352299
0.777225443129 -0.000514308421 0.000008077359 0.000514371846
0.777593198848 -0.000511354520 0.000008007589 0.000511417213
0.777960954566 -0.000508426076 0.000007938759 0.000508488052
0.778328710285 -0.000505522748 0.000007870853 0.000505584018
0.778696466004 -0.000502644199 0.000007803856 0.000502704776
0.779064221722 -0.000499790099 0.000007737751 0.000499849993
0.779431977441 -0.000496960122 0.000007672522 0.000497019347
0.779799733160 -0.000494153950 0.000007608155 0.000494212516
0.780167488878 -0.000491371269 0.000007544633 0.000491429187
0.780535244597 -0.000488611770 0.000007481943 0.000488669051
0.780903000316 -0.000485875152 0.000007420070 0.000485931807
0.781270756034 -0.000483161116 0.000007359000 0.000483217155
0.781638511753 -0.000480469369 0.000007298719 0.000480524803
0.782006267472 -0.000477799626 0.000007239214 0.000477854464
0.782374023190 -0.000475151602 0.000007180472 0.000475205854
0.782741778909 -0.000472525020 0.000007122479 0.000472578696
0.783109534628 -0.000469919607 0.000007065224 0.000469972716
0.783477290346 -0.000467335094 0.000007008694 0.000467387646
0.783845046065 -0.000464771217 0.000006952876 0.000464823221
0.784212801784 -0.000462227717 0.000006897759 0.000462279181
0.784580557502 -0.000459704338 0.000006843332 0.000459755271
0.784948313221 -0.000457200829 0.000006789583 0.000457251240
0.785316068940 -0.000454716943 0.000006736501 0.000454766840
0.785683824658 -0.000452252437 0.000006684074 0.000452301828
0.786051580377 -0.000449807072 0.000006632293 0.000449855965
0.786419336096 -0.000447380612 0.000006581147 0.000447429015
0.786787091814 -0.000444972827 0.000006530626 0.000445020747
0.787154847533 -0.000442583488 0.000006480720 0.000442630934
0.787522603252 -0.000440212372 0.000006431418 0.000440259351
0.787890358970 -0.000437859259 0.000006382711 0.000437905777
0.788258114689 -0.000435523930 0.000006334590 0.000435569996
0.788625870408 -0.000433206174 0.000006287046 0.000433251793
0.788993626126 -0.000430905779 0.000006240069 0.000430950959
0.789361381845 -0.000428622539 0.000006193651 0.000428667287
0.789729137564 -0.000426356251 0.000006147783 0.000426400572
0.790096893282 -0.000424106713 0.000006102455 0.000424150615
0.790464649001 -0.000421873729 0.000006057661 0.000421917217
0.790832404719 -0.000419657104 0.000006013392 0.000419700186
0.791200160438 -0.000417456647 0.000005969639 0.000417499328
0.791567916157 -0.000415272170 0.000005926395 0.000415314456
0.791935671875 -0.000413103487 0.000005883652 0.000413145384
0.792303427594 -0.000410950415 0.000005841402 0.000410991929
0.792671183313 -0.000408812775 0.000005799638 0.000408853911
0.793038939031 -0.000406690389 0.000005758353 0.000406731154
0.793406694750 -0.000404583084 0.000005717540 0.000404623482
0.793774450469 -0.000402490686 0.000005677190 0.000402530723
0.794142206187 -0.000400413027 0.000005637299 0.000400452708
0.794509961906 -0.000398349940 0.000005597858 0.000398389271
0.794877717625 -0.000396301261 0.000005558861 0.000396340246
0.795245473343 -0.000394266827 0.000005520301 0.000394305471
0.795613229062 -0.000392246480 0.000005482173 0.000392284788
0.795980984781 -0.000390240061 0.000005444469 0.000390278038
0.796348740499 -0.000388247416 0.000005407185 0.000388285067
0.796716496218 -0.000386268392 0.000005370312 0.000386305722
0.797084251937 -0.000384302839 0.000005333847 0.000384339853
0.797452007655 -0.000382350609 0.000005297782 0.000382387310
0.797819763374 -0.000380411555 0.000005262112 0.000380447948
0.798187519093 -0.000378485533 0.000005226832 0.000378521622
0.798555274811 -0.000376572402 0.000005191935 0.000376608191
0.798923030530 -0.000374672020 0.000005157417 0.000374707515
0.799290786249 -0.000372784251 0.000005123272 0.000372819455
0.799658541967 -0.000370908958 0.000005089495 0.000370943875
0.800026297686 -0.000369046007 0.000005056081 0.000369080641
0.800394053405 -0.000367195265 0.000005023024 0.000367229620
0.800761809123 -0.000365356603 0.000004990320 0.000365390682
0.801129564842 -0.000363529891 0.000004957963 0.000363563699
0.801497320561 -0.000361715003 0.000004925950 0.000361748543
0.801865076279 -0.000359911813 0.000004894275 0.000359945089
0.802232831998 -0.000358120199 0.000004862934 0.000358153214
0.802600587717 -0.000356340038 0.000004831921 0.000356372796
0.802968343435 -0.000354571210 0.000004801234 0.000354603715
0.803336099154 -0.000352813598 0.000004770866 0.000352845853
0.803703854873 -0.000351067083 0.000004740815 0.000351099092
0.804071610591 -0.000349331551 0.000004711075 0.000349363317
0.804439366310 -0.000347606889 0.000004681642 0.000347638414
0.804807122029 -0.000345892984 0.000004652513 0.000345924272
0.805174877747 -0.000344189725 0.000004623683 0.000344220779
0.805542633466 -0.000342497003 0.000004595149 0.000342527827
0.805910389185 -0.000340814711 0.000004566906 0.000340845307
0.806278144903 -0.000339142741 0.000004538951 0.000339173114
0.806645900622 -0.000337480990 0.000004511279 0.000337511141
0.807013656341 -0.000335829354 0.000004483888 0.000335859286
0.807381412059 -0.000334187729 0.000004456773 0.000334217446
0.807749167778 -0.000332556017 0.000004429931 0.000332585521
0.808116923497 -0.000330934116 0.000004403359 0.000330963410
0.808484679215 -0.000329321929 0.000004377052 0.000329351016
